31.0828
28.9942
27.2986
25.7274
24.3663
23.1118
21.9434
20.9917
20.144
19.3894
18.815
18.3259
17.8989
17.6899
17.4555
17.2193
16.8003
16.2407
15.7389
15.2426
14.7918
14.466
13.9174
13.2582
12.7441
12.3555
12.0592
11.9106
11.6993
11.5584
11.5718
11.5691
11.4288
11.294
11.1845
11.0876
11.0531
10.9586
11.0479
11.0863
10.968
10.9793
10.8661
10.8011
10.6167
10.6746
10.6191
10.5166
10.4423
10.5074
10.5806
10.5409
10.5394
10.5333
10.6639
10.5654
10.4614
10.6059
10.8354
11.0841
11.2191
11.3913
11.3969
11.3779
11.2578
11.215
11.0162
10.9758
10.9499
10.943
10.8339
10.9339
10.845
10.7491
10.6806
10.6459
10.5538
10.4896
10.5388
10.5567
10.5806
10.5265
10.525
10.4894
10.5278
10.3827
10.4107
10.4461
10.3137
10.287
10.2735
10.2788
10.1892
10.3038
10.3495
10.4076
10.3999
10.4481
10.248
10.186
10.2627
10.2651
10.2593
10.2665
10.2583
10.1527
10.1276
10.0843
10.1402
10.1531
10.2539
10.2483
10.2543
10.2836
10.2185
10.3086
10.3113
10.3181
10.3642
10.3486
10.2698
10.2959
10.305
10.2554
10.3762
10.289
10.2971
10.3476
10.2289
10.1769
10.2071
10.2291
10.337
10.3068
10.2857
10.1742
10.2986
10.3614
10.3813
10.3151
10.2868
10.3494
10.3899
10.5022
10.493
10.4323
10.2595
10.2609
10.1206
10.2213
10.3862
10.2909
10.2392
10.2899
10.244
10.164
10.1534
10.1226
10.2292
10.1829
10.2766
10.3083
10.1217
10.2025
10.1108
10.2694
10.2042
10.2702
10.3443
10.3598
10.383
10.3278
10.1979
10.0733
10.104
10.2099
10.3466
10.2377
10.1512
10.2365
10.2814
10.2284
10.2434
10.3116
10.4088
10.4798
10.3833
10.2663
10.2122
10.245
10.2734
10.3301
10.396
10.2652
10.2648
10.2349
10.2634
10.1393
10.0921
10.2215
