23.2916
22.8485
19.77
19.3202
18.6433
18.3402
18.3402
16.5856
16.4775
16.2039
15.8406
15.7054
15.403
15.2061
14.3188
13.8196
13.7029
12.7504
12.5918
12.2257
10.823
10.823
10.7655
10.7655
10.7113
10.4935
10.4935
10.4393
10.4288
10.2053
10.1405
10.0863
10.0756
10.0756
10.0635
9.99489
9.99489
9.96736
9.96736
9.96736
9.68771
9.68771
9.68771
9.68771
9.68771
9.68771
9.68771
9.68771
9.68771
9.68771
9.68771
9.68771
9.68771
9.68771
9.68771
9.60748
9.60748
9.60748
9.60748
9.60748
9.60748
9.60748
9.60748
9.60748
9.60748
9.60748
9.60748
9.60748
9.60748
9.60748
9.60748
9.60748
9.60748
9.60748
9.60748
9.60748
9.60748
9.60748
9.60748
9.60748
9.35427
9.35427
9.35427
9.35427
9.35427
9.35427
9.35427
9.35427
9.35427
9.35427
9.35427
9.35427
9.35427
9.35427
9.35427
9.35427
9.35427
9.35427
9.35427
9.35427
9.35427
9.35427
9.35427
9.35427
9.35427
9.35427
9.35427
9.35427
9.35427
9.35427
9.35427
9.35427
9.35427
9.35427
9.35427
9.35427
9.35427
9.35427
9.35427
9.35427
9.35427
9.35427
9.35427
9.35427
9.35427
9.35427
9.35427
9.35427
9.35427
9.35427
9.35427
9.27331
9.27331
9.27331
9.27331
9.27331
9.27331
9.27331
9.27331
9.27331
9.27331
9.27331
9.27331
9.27331
9.27331
9.27331
9.27331
9.27331
9.27331
9.27331
9.27331
9.27331
9.27331
9.27331
9.27331
9.27331
9.27331
9.27331
9.27331
9.27331
9.27331
9.27331
9.27331
9.27331
9.27331
9.27331
9.27331
9.27331
9.27331
9.27331
9.27331
9.27331
9.27331
9.27331
9.27331
9.27331
9.27331
9.27331
9.27331
9.27331
9.27331
9.27331
9.27331
9.27331
9.27331
9.27331
9.27331
9.27331
9.27331
9.27331
9.27331
9.27331
9.27331
9.27331
9.27331
9.27331
9.27331
9.27331
9.27331
9.27331
