48.8904
53.4363
57.0235
45.0321
51.3192
64.3211
54.0834
49.9679
45.926
45.3099
44.8592
61.1455
48.3613
55.4813
55.0175
58.1769
50.3325
51.8345
48.937
50.8155
48.5292
42.4457
50.9996
56.1485
47.8192
44.6447
61.9104
45.9872
51.0152
52.2484
49.6594
56.0909
45.5379
46.0722
49.3611
43.87
50.3203
40.8634
44.0695
47.9809
44.335
57.1985
44.269
48.4617
38.7159
50.213
47.818
52.3088
48.0754
46.7719
57.1935
38.6561
56.1945
41.3104
41.4806
46.1247
41.1048
50.273
35.4324
46.184
43.8631
59.2264
46.6293
55.702
45.5764
49.2063
50.0973
56.3357
59.2861
60.4249
43.8953
39.5507
50.6598
41.7427
51.6734
60.7473
42.8624
49.2775
45.9459
51.0033
59.8883
40.0998
62.059
43.9653
36.4646
53.323
47.3405
48.4923
48.586
50.0902
42.9721
51.0935
47.0706
38.9335
41.6112
52.5962
46.8488
45.0737
45.7292
46.1709
50.585
58.6163
46.0772
50.3726
40.2952
47.7013
50.188
54.3574
49.0013
47.364
48.7377
41.8667
42.257
46.0333
33.757
57.2984
43.4183
58.1917
49.8524
46.3519
64.1324
47.5099
44.3649
51.8701
49.0546
58.4075
47.0388
42.5458
48.3389
49.7159
48.0202
42.8767
39.8066
50.849
42.5528
52.1573
44.4065
50.0424
48.4004
37.8785
57.7179
52.6861
55.3904
41.3891
51.1657
50.2556
44.0603
54.2675
54.3051
40.4196
49.3596
54.0629
44.6664
42.7393
51.0038
49.4738
43.842
54.9658
57.0267
54.0198
59.9836
49.3817
35.6775
57.4922
51.4736
54.4875
42.6064
38.3774
36.9259
50.5466
40.4554
42.4249
51.6107
41.4566
35.0079
53.0551
38.3
46.4774
39.273
39.3753
51.9936
50.1904
44.2924
53.9483
53.8875
60.3905
44.8173
47.2233
43.7643
41.9942
51.0692
54.8369
37.2252
52.9389
50.4792
45.9829
53.7745
50.3958
54.2065
49.2694
53.7059
56.0796
55.4223
53.4984
45.1037
54.5288
38.8112
47.9784
50.6059
54.5435
43.5733
54.1924
56.6552
53.7223
51.0153
36.932
48.754
41.2437
55.741
51.66
41.4209
38.132
40.9739
55.7085
52.8139
56.4204
54.0633
40.8211
41.4194
62.3355
37.3302
41.584
50.2308
48.6811
45.3669
38.9126
47.6236
54.306
42.3752
49.157
43.4181
55.9348
38.5821
56.5852
52.2112
49.9007
54.2048
51.4423
48.3166
53.6791
39.9135
45.3778
37.9463
57.5303
48.6713
54.2302
52.4117
53.6875
40.6337
54.2481
42.3571
44.091
38.9788
43.1327
52.1133
46.4337
54.5511
46.0636
46.4795
49.2228
41.9106
49.1717
53.0512
50.6254
47.9249
55.9569
49.5035
38.0523
46.7476
53.209
54.3655
46.0166
51.2387
58.3963
53.3192
49.2424
37.43
53.0006
47.6183
38.1588
34.5236
66.3317
46.4349
45.0657
38.4775
47.7295
43.9592
36.9527
56.1815
45.7506
49.7984
53.1028
47.7481
35.5574
43.5079
40.6561
48.544
44.9453
46.4975
39.4732
51.2731
45.3468
41.4841
45.7441
45.6064
49.8304
54.0416
41.2433
45.1606
46.5787
42.4515
52.2802
48.7787
49.5043
57
42.9437
44.2674
40.1116
44.1706
44.4681
42.138
43.2017
41.2971
46.4851
40.3794
52.6654
59.5356
43.0783
57.1389
35.8195
47.7039
55.1779
37.5937
54.2064
64.3942
53.2614
56.3384
49.8486
46.8799
60.3792
54.1736
48.2904
46.3501
51.0113
56.0174
35.5317
49.3515
54.4824
53.2017
40.933
53.2909
54.7717
42.782
46.4326
50.9588
52.4531
45.5314
60.236
62.1025
50.3945
51.7919
33.6137
45.1414
47.2932
50.3524
40.1374
44.1971
46.7148
54.6294
46.1562
38.4711
47.1145
47.2252
46.9758
43.7554
55.2583
48.3925
51.7959
44.2429
63.551
39.2291
45.4683
54.4325
51.3324
57.5646
57.2651
40.6177
48.2279
40.4308
43.2424
57.489
48.8361
56.4153
49.7399
50.6228
39.1344
34.977
40.7375
64.8097
46.1218
40.8019
58.5812
45.2027
48.6835
52.0513
53.7971
43.4697
48.157
43.0199
44.921
49.4151
42.0342
50.1701
49.1796
39.676
31.2435
44.2868
44.8419
45.046
37.0814
47.2461
54.3494
53.356
36.7354
40.5451
41.5067
46.1667
60.3882
32.5934
42.1715
39.0096
52.8703
51.4486
46.222
55.7952
53.0313
59.0832
45.1478
46.0733
34.0795
48.1127
53.5578
41.6731
43.7131
44.1911
43.7378
46.7571
53.4003
49.2935
47.952
54.4628
48.9128
54.289
46.4387
45.1543
55.9277
43.8383
42.2606
52.9448
50.3491
57.9079
34.1909
57.0474
55.8236
50.5394
47.9292
55.4123
57.0263
49.3078
42.5281
54.7553
41.6723
40.0912
40.6432
49.4135
47.8536
52.7539
52.797
49.5835
57.5252
51.7832
43.6307
54.8526
59.6454
57.3784
33.2115
55.3122
42.9423
44.5109
34.4215
50.6546
45.7342
41.0537
38.7582
52.7021
51.1537
41.4144
48.5645
45.8525
41.9564
38.7893
38.7595
44.3457
45.8081
47.2278
43.3229
41.6736
36.9637
41.5865
43.315
53.4948
47.7237
45.3203
50.7836
36.7094
54.1973
54.8956
49.0941
56.718
53.0754
38.3418
50.5839
42.4542
57.1063
54.1108
60.8922
48.2411
38.5233
40.0009
47.4525
46.6541
32.1703
43.2455
51.9731
55.4169
58.0551
57.5547
54.6793
33.1364
43.1257
42.8952
46.8405
43.4257
45.5735
53.4765
46.2074
44.3983
48.3005
51.0347
40.5492
51.9658
51.6741
56.622
54.8239
50.4357
48.976
45.9989
51.3808
42.058
63.8588
52.0157
52.1914
46.3134
39.6747
42.1708
49.9797
49.8825
42.3709
54.8988
49.9439
39.0649
60.3808
54.6765
48.685
38.7953
43.3421
45.1651
47.2372
56.2162
52.667
39.2297
41.5443
48.5129
49.5814
47.1388
54.1648
33.5824
52.6721
49.1735
39.5722
49.3968
45.4122
49.3127
45.0063
39.5396
51.2214
46.8668
52.6194
50.8035
53.6474
53.9424
50.6663
50.8402
67.325
47.5024
53.4335
47.787
48.9778
53.1183
52.5681
50.1119
63.0428
56.1832
68.3523
44.2052
47.3498
41.5115
45.5403
48.9821
53.0802
43.6297
43.2814
51.6233
42.6476
38.043
45.7275
35.6274
47.6241
46.7475
51.6494
27.6133
49.1265
54.9349
50.959
54.8883
46.0557
55.3744
47.8269
56.1928
51.9897
55.9385
48.8998
48.2363
37.42
51.0188
41.5721
45.5738
39.3066
54.8031
36.9275
50.0721
45.4799
56.2955
43.9194
49.9719
47.6211
55.3425
46.3501
45.7094
40.745
42.8089
47.9649
54.0725
48.9071
52.2954
50.4957
46.0347
44.3782
40.8603
52.288
38.6815
43.5167
45.6449
43.3015
46.1518
48.7237
60.6447
34.1286
42.1791
41.3648
51.6292
45.8226
42.6451
47.7781
33.9258
56.9705
42.7043
42.3667
55.9886
47.0279
48.9651
45.8299
54.2538
49.4964
43.943
51.019
55.1883
46.2678
36.3661
46.3099
46.3309
56.6717
47.3393
57.833
46.9955
44.7557
49.5355
48.1077
42.2358
51.6324
60.734
44.7172
43.2889
51.1225
44.5805
54.799
41.8266
46.4711
48.4558
40.8882
51.4721
56.4033
48.6555
43.5531
57.5178
51.9991
51.8971
55.1437
45.1152
47.8994
46.4236
47.2344
57.1105
57.8187
34.9884
47.2284
39.3638
55.1621
39.7374
47.3147
51.3967
37.8806
46.0739
40.8378
50.6107
54.1037
54.9475
50.4283
50.8237
51.2688
52.1267
55.0424
61.1415
47.6633
41.4462
41.7803
49.2423
50.2275
58.79
49.8164
51.9163
43.3154
42.8625
52.822
40.9516
50.1108
39.4097
54.0986
59.5106
45.6645
45.2949
42.4241
54.7255
48.9391
54.9429
39.4944
49.4451
49.8202
51.9975
36.6048
39.7567
44.3647
49.1644
49.6989
36.592
40.5259
50.7006
44.5636
48.0874
43.1532
28.8371
55.9618
52.9538
49.2941
43.6486
44.7566
47.7733
46.2258
45.7064
51.9322
49.8293
48.8335
47.2179
54.3391
44.5594
44.6857
45.2008
53.1572
56.341
55.0253
60.7498
52.7708
41.1056
46.477
50.3802
44.9669
53.4758
55.7734
39.6026
49.9324
52.2347
48.7084
54.202
43.2099
47.9437
57.8699
50.951
54.3741
47.6137
45.7531
50.1696
47.031
44.9502
43.6385
34.3041
36.3013
58.1436
49.6254
50.031
47.4116
51.7794
50.3631
54.2726
43.9151
48.7642
45.2433
52.1442
50.2085
53.768
48.4281
48.4068
42.3973
57.0249
44.944
53.2755
52.6225
45.7684
52.1562
55.6506
49.6916
30.8566
41.0412
45.6354
43.3885
50.0816
50.6599
52.1713
54.9439
44.1461
40.7645
58.8406
55.731
39.7047
47.652
52.2921
52.3395
39.7001
37.9447
49.3888
58.602
45.4661
40.7401
40.3492
49.4174
54.4915
55.5343
53.5292
45.833
61.7186
53.406
46.5895
45.0663
54.123
38.728
34.5131
31.3239
49.9336
41.3974
51.7145
53.9487
42.7293
44.7556
42.4296
53.3062
50.6334
53.7228
56.7622
41.3812
33.6732
53.9506
43.1485
55.7867
41.8073
43.1522
44.6486
53.3917
52.4206
40.8609
39.6115
47.5453
48.33
51.8255
60.5925
52.6098
52.4705
58.1295
44.6886
39.486
44.0676
62.8005
51.6717
52.9981
48.5977
59.36
55.2483
36.4438
44.6996
55.4158
44.8119
52.0117
57.435
50.5421
36.1306
57.6869
51.4644
52.8108
49.3411
47.7316
58.7051
57.4982
58.9666
57.753
47.3533
53.9425
56.4699
54.2225
48.705
47.6218
51.9996
44.3969
45.9061
41.0448
43.568
34.6982
47.8949
51.4865
57.7065
39.9033
50.7139
50.7011
56.5351
43.6083
57.1328
49.6001
44.4297
54.9861
52.6081
51.3233
46.8307
52.5503
45.3475
49.8827
42.3631
39.7815
45.3315
55.6983
55.7353
51.9211
46.5089
53.1851
48.2363
43.6228
46.3116
45.7534
38.1382
42.7184
51.4392
43.9717
53.2285
55.7283
43.1045
44.3235
33.1152
48.955
52.901
47.1234
54.662
38.5937
41.1032
38.3624
48.641
55.8353
55.9983
50.1933
44.3162
45.7043
50.0109
50.3575
59.9677
52.4323
44.729
48.0369
49.0096
50.636
39.8147
45.9023
48.6548
47.4263
43.6858
50.8244
48.8654
53.7225
51.1968
51.8549
40.2561
44.3798
48.2803
40.4755
47.572
55.7971
52.6169
44.5063
50.3026
49.006
39.6399
43.1726
53.4678
43.0179
46.1054
59.8633
52.6835
55.9837
45.7545
47.7634
48.8558
48.2116
51.368
47.2079
44.6739
48.7179
52.3171
48.1809
53.3412
56.6581
51.67
54.9811
55.5952
49.4133
52.8861
38.9607
52.0622
44.9582
41.8383
44.2182
38.1516
46.8121
51.0045
57.5433
57.1762
33.6935
52.1397
44.1498
51.9161
48.023
46.0045
46.473
44.0636
51.1064
49.0279
53.8164
47.4382
55.6772
40.407
48.277
48.5193
57.3553
42.7166
36.0431
47.7438
46.4224
47.4814
52.6805
44.6785
46.0711
43.6384
49.9812
44.1244
47.7224
49.047
48.828
58.8126
45.1798
60.851
46.3041
47.884
47.6379
41.8011
38.5462
55.4681
39.517
52.3809
36.0637
44.7023
58.0534
54.0402
53.8437
50.6354
59.4192
44.7
46.3072
55.9985
46.9376
39.1842
48.7014
44.8419
48.2714
40.9577
46.2064
57.3813
37.5409
40.929
57.4387
43.4842
44.4771
43.4114
43.9431
56.6399
40.7956
56.3489
53.3053
49.0349
42.511
40.6224
38.6847
56.9492
44.8533
36.3083
46.8266
44.6788
51.8184
56.7154
58.2857
41.6235
48.7342
42.3917
38.3108
42.7127
48.8679
51.1393
55.2227
60.3429
46.4297
45.2358
48.0595
44.0158
55.6827
42.6861
53.058
43.3885
51.0126
56.2396
56.4774
40.003
45.4006
57.1549
55.4053
42.2575
52.4617
46.1413
51.8538
62.4879
60.57
49.1547
41.9178
51.9174
45.2759
44.6268
40.3944
50.2433
53.2505
50.762
57.9803
46.6956
43.6697
49.9789
59.6475
57.8197
42.454
47.3348
49.1454
44.1541
50.7566
44.3434
48.304
52.2141
39.4207
53.0988
38.2742
54.9008
56.1178
47.641
47.049
42.2983
44.4906
52.6846
46.4051
51.9303
58.3324
43.4164
58.7006
55.5189
44.7628
42.1192
47.3117
41.76
44.0633
57.1746
49.8178
42.0415
57.069
50.1123
38.6685
52.7789
55.9156
40.8086
37.3233
45.1021
56.9029
52.3989
44.8567
41.2976
47.8512
54.0662
46.7724
52.2417
51.6376
37.0437
58.4328
40.1798
55.77
52.7731
53.0306
64.8943
55.657
53.7524
50.5743
60.9228
58.0287
61.425
59.8267
39.1534
54.8196
56.4209
46.8852
49.3271
50.217
55.862
58.4316
51.3223
48.686
54.679
52.8701
52.0449
44.988
42.3167
40.9679
58.4033
56.8474
43.6553
51.5484
51.6741
51.2203
56.5416
56.2148
50.0502
46.3313
46.3591
54.5689
30.4855
44.9336
51.3115
51.8865
41.6824
56.1683
44.7426
47.0181
51.0036
41.2221
57.0652
58.098
51.1623
42.6943
47.7517
46.016
51.7858
39.9499
46.1517
41.6308
46.2306
45.4107
50.5373
55.7764
57.3369
52.0443
54.2623
53.7439
56.4592
51.1071
41.9675
51.0259
34.6834
46.3631
43.4877
52.7027
48.3153
54.7284
55.7563
57.1294
45.3511
40.5346
54.0278
61.7703
49.6694
50.3488
57.2103
37.2597
43.3883
38.9908
48.9332
50.8002
54.1096
57.516
41.0233
58.8764
50.502
47.8388
41.0302
37.9215
47.2287
49.3741
54.0754
56.1914
38.7783
57.8096
56.9246
55.5829
46.2469
46.0676
44.1979
38.2648
45.6306
50.7547
47.7776
51.9381
47.0258
50.7296
57.1768
50.0217
51.5109
50.432
51.3291
45.0245
45.7886
46.6424
56.71
52.9731
44.3532
49.1768
54.721
45.0595
48.1132
39.7806
60.0279
55.3835
49.4598
48.5868
47.0868
51.4025
48.6796
54.3914
46.3859
33.5566
41.1517
49.4235
60.756
43.4821
44.0583
48.6338
55.7732
45.7221
43.6641
32.7288
39.6604
58.3425
40.1584
60.4364
50.0667
42.4812
50.6723
42.3415
40.8253
43.9319
50.3738
42.7619
41.2513
65.0501
57.0904
52.4335
39.5448
56.1206
47.9377
47.3949
51.3721
46.6139
52.4775
57.6999
54.9869
50.7259
42.2605
67.3937
43.1769
54.3452
49.2771
46.4135
52.2367
37.3507
39.2824
47.1375
52.7909
53.845
42.8419
52.8357
51.2455
44.2427
54.231
35.1516
47.2068
53.9018
52.2647
54.9369
46.6869
45.0946
57.8518
59.9728
44.4626
54.4792
33.8956
55.2564
61.3173
44.9644
38.3872
50.1456
49.9099
49.0293
51.805
47.3907
44.0395
45.5711
46.7233
50.7928
53.855
39.0545
44.8042
50.0994
44.0513
46.7228
57.6051
46.9819
42.6993
42.9602
39.1698
49.0021
43.978
40.2941
53.5083
44.2425
51.9678
59.1626
44.3919
57.2456
54.2124
53.5599
47.6333
47.9259
34.2525
47.2693
55.6628
41.143
63.0789
51.2263
43.4997
45.6948
46.3513
46.914
47.6996
41.0437
45.5623
57.9581
53.5595
44.356
38.2165
47.4117
44.8957
44.5328
35.8038
44.2018
64.3345
46.2382
48.9666
38.3566
42.9346
46.2442
44.2312
43.2162
45.6749
46.6147
40.4068
50.2275
57.1528
56.8844
38.4555
41.3182
50.04
40.5767
45.9611
46.8012
47.8414
51.9363
53.021
54.2514
55.4809
41.2795
47.9664
52.0701
50.0467
43.7812
39.8352
48.6839
47.7854
48.3275
38.9112
56.3781
43.8149
47.787
42.5209
50.5301
42.8357
55.151
61.3035
43.8272
53.4635
46.7497
41.0868
37.2663
63.2462
46.8253
51.6448
61.2491
47.8198
58.1881
48.5516
59.2414
59.0006
38.7471
55.1381
46.2403
45.5085
54.0612
53.3812
48.5099
39.8914
47.14
50.2785
59.3932
51.9591
46.8433
40.7431
53.5819
62.5654
50.3546
51.2662
43.512
45.847
50.2057
56.5331
42.7015
50.9517
59.3055
52.8683
49.901
54.4281
47.9247
44.6472
39.4533
66.927
55.9819
61.098
44.5709
62.6962
46.4387
39.1726
50.7421
41.5511
60.9985
34.5393
48.9373
53.3381
47.5994
39.507
48.1727
46.8966
52.3665
57.1999
44.3437
51.5572
40.3654
35.0002
44.7135
65.3395
44.2301
61.1165
62.5674
48.3212
51.7582
50.6676
31.7303
51.7657
51.8662
55.083
60.2549
58.9824
50.8776
52.9237
52.5008
50.7359
43.8828
38.2009
50.4052
52.1827
39.5374
46.4501
44.0662
44.3353
51.9202
56.2097
50.3629
44.5922
52.3051
48.6695
50.1119
62.1096
49.2841
45.3074
45.7505
42.1235
54.305
50.3792
50.0447
34.0024
42.1027
52.7391
41.5015
58.9491
55.9468
47.7919
46.5406
37.4642
50.0682
46.0586
64.09
49.8644
44.7551
49.3216
43.8338
53.4857
49.7726
50.9878
55.4985
41.2175
48.1899
48.2068
47.3376
46.6289
41.9985
42.9427
56.2418
43.1904
43.4799
53.3495
44.9016
52.3874
45.9692
46.3549
57.2723
48.713
57.5321
46.7215
45.2082
41.4632
50.5559
50.9292
49.6112
45.9928
56.8886
45.8119
38.4386
51.2181
42.1801
55.4865
58.1818
48.752
47.35
53.6725
56.1667
64.756
47.2186
55.6874
51.4572
51.21
47.4402
50.492
29.1168
53.2612
65.433
42.3949
39.5253
45.732
49.0564
47.9381
36.1609
45.7682
47.4618
44.434
61.3152
51.3293
61.2087
40.6032
51.8003
36.5984
49.2202
53.5996
52.9817
56.6078
38.5663
42.6158
45.9032
42.9243
49.1195
44.3447
48.3603
43.6716
42.0555
49.3091
33.2046
45.4432
44.2863
56.2164
60.1623
55.7281
46.5762
37.6726
45.3496
39.2675
49.6024
50.9236
57.1111
47.2686
50.2112
49.1654
51.1629
40.3506
47.3312
36.8566
46.7608
39.3682
61.8065
49.9306
49.6468
62.5758
57.2966
46.9016
47.0368
40.1311
44.8713
48.3573
38.797
51.5283
47.4547
50.7255
56.3159
43.2946
50.6729
49.9341
34.8638
54.1498
41.1898
49.0835
48.4815
55.5831
46.874
57.2517
44.1583
44.3958
47.5546
42.8542
49.0947
44.8506
50.942
48.9151
40.1717
39.1223
43.8835
49.2396
49.7382
54.4519
34.692
43.8928
46.3848
48.8885
37.0017
48.238
55.016
53.0859
48.9972
51.9301
57.5179
44.7052
54.4702
40.1054
43.5281
47.0095
48.8711
60.1714
52.8981
37.6312
52.3787
57.5853
52.9997
51.4857
48.7537
39.5648
41.9459
41.7738
49.384
45.3646
49.8584
56.3483
36.2235
45.4202
59.8105
46.8291
43.8877
45.9073
40.5195
47.682
57.8013
39.9591
46.1435
44.7004
41.2435
45.5331
45.4134
50.2036
39.1673
50.8874
50.1685
48.8636
51.6706
52.3571
51.27
42.4281
48.4843
42.0845
46.7384
45.2912
52.2892
45.06
45.1144
55.0951
59.8973
56.6952
47.7001
45.7839
45.9247
38.8887
35.2791
57.3337
53.5851
40.604
53.6767
41.4689
42.6678
49.7839
41.9386
52.4043
46.3546
46.4777
45.341
59.827
46.5385
41.1229
36.6494
58.232
35.7431
45.886
52.0104
50.2462
61.7487
51.2839
56.0277
43.4677
50.0672
55.7286
41.8741
32.948
47.9738
52.8807
51.5095
55.3301
45.8088
56.0494
54.1817
45.9824
49.7599
68.5906
52.5531
41.0378
50.6537
48.6924
53.9522
43.9057
52.8215
47.5417
45.8981
45.8663
41.5737
49.2806
57.3548
42.3685
40.1438
50.2184
46.1355
56.7934
36.3612
44.8227
46.2611
61.1012
44.8095
52.3205
45.1351
52.9591
49.5884
52.2632
50.7279
57.0739
42.1877
52.0615
57.1504
43.9701
52.7937
52.3726
46.126
46.0471
52.2516
53.0825
47.884
35.0304
47.1758
52.7835
52.2665
38.1347
49.8624
57.1664
52.6756
52.7575
60.5593
46.7667
49.8628
46.4792
39.3612
58.8612
45.8636
45.8527
52.4165
43.2757
47.8155
37.7071
49.7634
44.5683
43.2255
49.2733
36.1799
39.5036
61.0406
43.4677
48.931
34.4483
48.8912
60.3385
43.6632
55.7397
42.7097
55.8694
40.7715
57.4692
58.9483
55.4241
62.0176
38.6587
47.3334
60.7497
45.5698
57.8363
48.3015
28.4672
42.0471
53.7806
53.1454
41.5
50.7932
44.6336
62.0752
43.6332
48.9597
44.3004
41.5674
50.6143
43.2144
35.643
43.2473
42.9092
49.4005
52.0416
49.7271
46.0393
35.0409
47.3285
53.082
44.1
37.8706
45.8067
53.3359
39.2906
43.5607
50.371
43.0213
32.4461
41.5818
43.874
55.2243
46.4217
52.4352
49.0948
38.2469
50.199
51.1246
39.0868
41.8316
53.8041
37.5867
54.342
52.7868
47.3172
50.4238
50.8949
52.8849
44.0782
45.5332
55.5073
58.6531
42.3503
46.9963
54.8939
48.9773
48.3928
62.1652
49.6481
48.4299
47.618
47.3135
41.7137
55.1514
52.0358
46.031
36.8126
51.2539
39.2733
45.3256
42.3222
40.8223
61.441
38.8437
42.0828
47.3133
44.1373
43.2192
53.2345
51.4537
52.0495
48.4505
53.4847
57.7279
55.5213
42.2287
52.2746
40.56
49.4977
38.4891
56.6586
51.134
40.6678
64.8592
32.9081
52.9484
44.283
57.3898
43.339
46.5377
45.496
59.7493
50.5616
53.9448
52.3093
49.9648
47.1653
54.0491
62.223
44.8358
40.1263
44.9738
53.1459
55.0835
55.5528
54.823
47.0185
55.4848
48.1232
33.7235
43.0633
46.6856
42.3427
50.1957
45.1503
44.8218
48.1632
61.6003
46.3351
57.5542
50.9605
50.0922
40.6966
47.7161
47.7123
36.2651
48.5938
51.4768
54.2416
48.2425
46.175
58.0535
50.6671
39.3387
50.6362
55.3931
43.8316
36.7552
43.9896
47.8474
47.484
47.9527
52.7528
50.5886
55.6576
39.6952
42.5528
48.8365
44.4454
58.7768
46.5755
45.5744
54.2928
44.5512
47.2032
61.0642
52.1828
42.3331
48.3936
42.5679
45.9339
69.2173
41.3931
41.5098
45.9815
56.8592
53.4696
54.5634
47.1808
52.3814
44.2468
37.5035
49.6528
44.4531
47.8362
57.0931
42.805
49.5013
56.2303
44.338
47.6875
56.0307
45.9148
50.3123
58.5946
46.6429
50.1897
46.2846
46.5621
50.9537
44.2794
44.0495
52.3192
56.6728
39.7907
40.3524
41.4947
46.2379
48.6436
41.9204
54.3406
52.4977
42.0968
53.3299
59.1455
56.2568
40.8389
54.811
51.4039
49.753
51.32
43.4743
38.1888
45.2252
49.4574
56.0426
51.1032
56.3234
49.9654
41.8047
41.0246
60.0449
50.9037
36.8141
55.6162
64.07
59.8156
45.7379
44.4348
43.9917
45.6595
56.5224
59.2353
48.9246
51.1001
50.3873
46.8468
50.4649
52.5913
37.7418
48.9156
49.6506
54.7784
43.0584
59.87
46.3018
34.5782
47.1135
50.7234
53.8552
42.1001
44.754
38.7139
41.3426
50.6025
48.6245
34.5033
44.6733
52.8534
44.6242
36.5991
52.5316
46.3395
40.7777
46.4603
55.3546
43.7376
50.7034
48.4082
55.2741
37.9426
46.6371
50.0764
48.7405
36.1655
46.1437
53.6842
59.5909
46.1226
46.408
50.639
56.1525
47.6684
28.3137
41.7682
46.9324
51.2058
58.082
48.4138
49.254
59.3761
55.8534
48.1462
50.6142
48.4334
51.4484
59.6707
43.8371
51.6509
50.7376
51.5854
46.7054
48.7341
50.9967
48.2747
50.2594
37.5514
50.4218
60.4631
39.2213
55.9119
51.1644
45.2165
52.8414
40.59
53.7147
46.9093
55.1414
54.2593
61.1822
47.9324
45.536
44.219
41.2489
46.1242
55.0593
44.6858
43.0934
57.7232
40.292
45.6423
54.2485
61.2524
54.575
45.5202
58.2208
52.2085
39.1733
45.739
50.6976
52.8041
60.1072
40.6664
55.0544
44.3663
45.6269
40.748
43.7487
49.7665
51.4835
49.6654
50.1699
50.5012
46.6299
45.637
57.0632
38.8309
57.2174
42.5686
50.3792
45.0879
37.3232
43.2778
37.3973
34.2892
50.6738
60.8255
45.4113
38.132
42.9747
55.1772
58.4036
52.8285
47.5887
44.6647
44.5617
44.2305
65.489
30.9547
41.8648
49.1711
46.8528
55.6485
48.5621
49.4004
52.9514
41.1498
39.6771
35.5141
47.5518
49.5512
50.198
49.846
41.2428
48.9853
42.9877
53.0384
57.5024
43.5648
45.369
44.2014
46.3795
38.4738
35.8107
49.7093
45.1092
57.8452
33.5992
44.8308
44.6884
50.1473
38.3126
59.6071
52.6707
48.2617
54.9272
38.9135
48.2163
54.8012
37.1421
63.0069
43.1072
52.5167
49.4762
53.3429
44.8586
48.5699
51.0211
46.6353
45.9831
52.3154
51.291
47.5855
52.0169
52.2661
38.4385
59.5618
46.6596
54.9673
47.535
50.413
56.9641
47.9019
42.7687
39.5774
51.4528
47.4212
38.9404
50.1092
50.3415
47.9489
50.1823
50.4855
46.8423
53.7808
43.9375
48.521
43.8269
48.2955
44.0491
48.9373
58.2516
36.6493
55.0739
35.5616
43.4389
44.5014
53.4827
42.2637
40.7848
40.428
42.8582
35.3688
45.1147
50.7254
65.403
42.0386
39.7441
57.9834
49.4119
48.9422
56.2694
52.2034
48.3924
44.1576
46.5876
49.1096
35.2204
51.5568
42.9612
46.8446
61.0239
32.5666
46.3685
36.9508
50.4613
47.8321
52.8796
44.281
47.9862
50.8098
42.0091
44.1579
50.2186
44.9197
56.0236
46.5997
35.163
51.0372
60.7715
52.5741
59.2733
53.7316
40.8119
37.7531
55.0347
61.3143
45.6187
54.5708
49.4246
53.4813
54.3424
53.5054
48.6236
47.0185
43.9134
52.6256
31.5515
52.9681
52.4099
45.3876
47.0819
45.1971
61.8742
43.6755
60.0794
55.1242
51.8787
50.0385
42.1277
48.5425
57.7168
59.4863
62.9498
37.7814
45.4974
48.0429
59.7528
42.5906
36.0821
44.8902
49.74
49.5413
42.4093
55.4154
54.4652
41.0049
44.2664
42.0997
43.7393
57.9105
50.9313
33.1244
39.1328
49.8155
53.6678
44.5246
42.2985
49.0802
49.5534
41.9558
41.9153
50.8854
32.6382
50.999
58.2522
43.7625
49.9252
44.2591
49.8027
47.4764
39.563
46.7207
56.2689
45.1579
56.3656
54.9659
47.4943
53.6077
38.6227
51.5979
40.4508
58.3177
48.0379
41.7488
47.303
56.0701
50.3868
53.975
47.8249
60.7611
48.9815
37.7209
47.7341
46.5206
43.9718
42.8069
46.7251
44.9705
59.7368
46.8504
38.761
47.0444
45.1115
49.6103
42.1322
53.6221
58.0087
50.1449
43.477
58.3426
50.779
40.4516
40.9493
49.8251
44.7865
52.59
53.8059
41.4473
47.7578
51.2758
55.7073
50.4936
35.676
48.2098
49.617
45.6201
44.1779
43.4425
45.6083
36.0713
42.7906
49.2994
47.8096
49.1693
47.5209
50.0588
44.4191
48.6126
67.9255
45.8499
42.6649
42.2015
58.3897
48.4868
49.3788
45.1875
50.0918
44.5026
40.69
47.1042
44.9838
48.8525
48.1777
45.1132
37.8641
42.2649
41.0617
40.0586
40.1586
43.2791
39.2358
48.4532
54.1055
36.4889
49.596
40.4149
39.8305
43.2429
40.301
52.109
50.079
46.5861
49.2838
69.3137
47.1087
42.87
42.78
41.5405
48.2834
57.6278
60.8642
46.7202
42.0204
50.9377
43.5912
40.0027
39.7123
52.594
50.9394
48.4772
51.599
43.1664
46.6458
51.5074
55.7578
43.6485
43.7023
49.089
49.2151
44.2428
44.2967
44.1302
32.2694
44.26
44.4858
49.0387
43.9907
49.3647
53.5032
44.4974
42.7467
44.7721
56.3966
52.5375
47.4755
59.1415
55.5857
47.107
56.3296
38.4679
48.6534
44.8782
47.5742
46.0817
61.0315
46.0409
44.4194
55.6992
46.6815
35.0272
47.0175
56.4079
43.9875
55.2632
46.7728
45.0519
38.9499
36.9558
51.235
53.5884
47.5756
47.6845
51.5766
61.211
49.4141
56.8156
41.0778
43.6218
56.1527
50.3337
58.2254
52.8452
58.7155
48.016
44.1831
45.7683
41.0068
50.227
45.6949
51.3724
43.3812
43.2024
47.1755
40.9107
50.9785
52.6877
49.3399
46.6087
50.6309
41.3964
43.7809
48.9292
50.11
34.8625
51.9476
57.5223
41.6814
54.1732
44.8484
45.7223
45.9038
37.7031
57.1762
46.5889
43.665
41.167
50.7441
45.1724
48.2131
48.7207
44.6624
44.6594
51.9217
44.1593
49.1119
56.8553
48.5088
46.7199
54.1046
49.9814
57.1223
48.9027
53.2109
48.6191
44.4548
45.7212
42.6923
55.7055
50.8924
50.7434
39.5934
49.128
43.2951
47.4959
51.794
49.8735
47.2478
52.5037
51.5681
49.2309
47.7489
44.6114
42.8084
52.6055
49.6358
50.2206
39.7859
56.6712
59.4667
58.3571
48.9146
52.8328
60.7708
41.2093
52.4967
38.8586
51.8597
44.2577
46.7341
52.1777
50.6069
42.5775
39.3363
51.7574
49.4323
48.1276
58.946
47.1822
43.1651
54.3116
53.7315
52.8137
30.2623
51.1872
46.7332
50.2054
45.007
45.9421
37.2445
46.5354
44.7917
38.329
53.7094
42.2091
50.978
43.3005
42.2093
41.3371
47.3443
48.0552
36.4593
38.2043
44.9318
46.2297
44.0941
56.4756
56.7669
45.7116
44.96
54.9212
51.6003
44.8705
38.8091
34.2132
48.9134
38.6339
44.694
50.6705
44.767
49.4251
47.7381
52.8686
45.6687
47.8986
47.9003
45.985
52.9643
43.7542
44.7045
37.9636
50.7409
61.6802
49.516
56.9424
50.9898
46.3413
45.5726
52.559
52.9395
46.035
46.8125
56.1834
51.0856
40.0782
45.5101
41.9238
29.5897
39.4653
50.6379
46.9993
48.2585
40.4472
43.4131
51.4548
43.1565
44.1491
46.9189
51.6122
48.0509
41.7853
52.9599
45.9517
50.2101
43.24
48.4426
39.6291
53.2639
45.0667
50.9422
53.9447
43.805
58.078
46.721
37.2921
44.4485
38.3284
47.1026
39.1459
55.1062
42.8918
50.1168
45.2626
50.6711
53.8584
53.0529
52.0079
32.99
42.157
44.818
52.677
59.8654
42.547
57.4869
40.2535
56.943
36.1752
48.6823
35.6507
48.3425
53.6937
64.0147
45.4239
45.5225
59.6265
49.3603
44.0717
50.9926
51.3649
50.3606
51.0781
44.9026
47.6822
38.0833
47.1105
45.4473
46.4886
43.1428
53.6203
50.6857
52.2576
43.1147
44.0928
39.7729
44.0335
52.1053
41.2748
44.9364
43.2073
45.248
49.3743
51.3814
40.9154
53.6187
53.4655
52.0511
33.2593
42.9391
51.6134
51.1549
40.5503
42.4818
50.7299
40.2473
54.0281
50.2258
40.4011
49.8723
49.122
51.6638
48.1115
49.0547
50.0186
50.9148
49.2463
41.2297
51.0111
44.0286
42.9183
59.0289
59.92
47.3674
52.0853
51.6453
36.8519
51.2717
49.2164
49.7856
53.3174
37.2856
47.1914
43.8721
36.1969
47.0879
54.0826
52.7524
42.5329
49.8938
48.1624
53.652
38.2653
52.6816
38.2886
48.2342
44.6215
42.2275
41.9792
51.0524
45.5896
48.7414
45.7273
53.7649
54.1496
46.7498
54.1515
48.1278
44.5206
52.0773
49.0262
61.8545
45.2431
46.2448
46.4621
43.21
57.6162
58.1751
42.721
49.5551
46.7856
48.416
43.4403
51.2796
41.0516
49.5107
43.5089
34.1368
46.9956
41.3803
41.2183
42.2055
49.3183
52.2277
51.5137
41.9988
37.8956
54.1969
61.6806
41.9762
53.0919
43.3813
47.3256
41.0375
32.9118
49.9997
48.9599
49.7819
48.7867
53.2394
44.6473
47.7246
43.0445
53.0803
46.2348
53.1444
45.7213
42.402
51.0855
53.3407
47.127
43.0323
41.9938
51.3489
64.0316
45.2489
41.4692
54.4414
36.8821
47.5424
45.7043
52.5451
46.7866
50.7328
43.8677
45.2857
47.9318
49.2394
42.8046
52.5941
48.7323
39.4787
45.8898
48.3288
52.2107
45.1415
53.9186
53.4338
56.6097
60.0335
47.473
35.2434
50.95
55.6424
47.2999
51.8144
37.8706
51.8263
49.4177
47.6436
53.1442
55.6333
50.999
47.0156
34.7144
54.8226
44.9283
41.7137
51.6378
44.4337
67.6701
51.9388
51.4707
52.9261
45.2922
40.3388
49.2661
43.483
42.9412
59.6907
51.6598
49.9036
46.7778
55.8322
48.0341
42.0605
46.57
55.4418
49.9692
43.461
46.5657
54.8168
50.2621
47.2084
54.0363
35.2081
34.1385
48.4131
52.5564
57.6003
51.01
52.0489
54.3624
54.1102
40.5318
50.2287
59.5959
51.4285
58.8254
43.5289
58.109
55.7708
53.9992
53.7515
42.7373
49.9346
43.2888
52.8383
44.1772
55.8367
47.7309
36.6523
52.5443
45.9589
59.4171
41.5081
51.4846
50.4378
48.4376
48.6583
55.8349
68.7796
60.531
50.0114
51.6036
52.6713
43.7964
55.1309
44.8401
43.9741
41.8508
49.8128
39.2969
48.7799
49.8887
61.1957
43.5865
58.4514
41.1129
51.5401
45.228
42.5918
56.4689
38.9678
60.2185
57.1689
38.2695
38.5552
54.0666
49.0483
60.6221
46.1588
42.782
45.4011
48.2336
56.1924
45.2997
37.4243
45.5218
54.4209
47.7276
53.502
37.7115
45.4343
41.3939
44.5781
58.4189
34.8426
45.4763
43.1521
48.7594
44.5488
51.5233
54.6657
54.0227
57.6899
55.2391
44.6283
44.2506
43.1732
48.0567
49.2197
35.9996
34.3457
54.8174
48.2982
41.4325
41.9385
32.045
40.1882
53.1845
44.3238
53.5614
38.9975
47.0553
38.94
46.4912
42.7595
47.6109
48.8452
59.3426
48.8228
44.3294
40.8236
42.5616
50.5559
45.7076
47.0388
44.6031
45.131
43.6552
40.3732
46.5463
48.0258
38.8501
47.7444
56.6787
48.54
42.6515
45.0624
43.3924
44.6303
48.8322
54.3915
44.8161
45.7656
45.9022
41.5329
54.0368
40.6787
43.9777
53.227
42.3134
48.6242
61.4772
46.5618
59.5841
53.8215
41.9512
49.3941
50.4773
50.9
42.3546
59.2655
46.3686
49.7647
46.3303
50.019
37.5047
43.7961
50.2274
46.3554
47.6169
42.3769
53.132
50.2784
47.8218
58.8905
49.802
53.3286
54.2916
44.8052
50.6426
49.4602
51.1765
54.9911
32.0975
41.8558
49.1658
45.456
46.6215
56.6699
49.0198
43.9147
65.9801
52.2448
34.5144
38.6932
47.731
61.4584
38.5245
46.0412
45.3875
39.2344
37.3942
44.8814
54.7399
54.0042
39.5998
48.8287
49.7452
46.0023
50.6009
45.0285
51.2821
58.5538
35.8678
55.9086
47.108
53.2864
44.9657
46.0325
51.1206
42.7357
62.1408
50.881
48.4782
50.9729
54.1753
48.1895
50.5082
51.0821
36.5857
46.1709
41.9665
40.7369
57.7033
51.4284
47.5159
49.9294
49.7771
42.2831
39.5241
67.2196
57.2024
41.7712
43.0569
50.9732
42.3369
57.8798
47.3521
41.3531
52.6576
55.3712
42.0141
52.3971
51.8637
45.4231
55.4419
48.2962
37.1464
43.7031
44.0301
48.0619
50.3273
39.4195
54.6039
34.1068
43.9572
56.4561
42.3857
54.3185
47.2851
54.3798
54.5459
51.1926
47.1395
56.6866
40.3349
43.2329
54.2723
56.5149
47.745
44.3092
45.3071
49.0588
50.6189
58.1752
53.3813
54.3043
56.973
34.0549
50.2218
43.7661
56.197
49.5952
49.7888
36.3101
45.727
56.3782
50.2859
58.538
45.1884
56.1283
48.76
40.5516
50.5051
51.1294
53.4748
46.5317
47.588
36.5238
44.9376
49.0604
37.7298
37.1697
53.7079
45.0659
50.6828
42.277
46.2513
55.5306
39.1163
53.5573
43.8889
61.1301
45.4022
47.0397
46.6658
42.5902
48.7861
55.4876
56.8552
44.5486
47.549
42.8403
40.7317
48.0786
51.3142
45.5907
38.413
43.754
47.6427
52.7126
45.5692
48.2246
46.1106
45.1733
45.4935
39.0286
49.6223
41.9255
41.8939
48.3883
39.9099
49.9678
55.5605
49.898
58.626
48.7358
54.0646
31.0087
44.3253
51.8503
45.5702
54.1627
54.1558
42.4994
38.5409
49.7388
49.511
52.4029
59.537
38.7741
49.0044
41.3949
51.7208
46.0571
42.6052
40.8424
65.0273
43.8611
49.3464
54.8037
49.4902
55.3913
47.5534
36.0392
48.0523
45.9518
44.5415
33.6828
46.2052
49.0169
54.399
50.7783
50.6921
51.68
37.3616
59.3014
50.2224
46.3373
49.3082
39.7063
52.9361
50.8946
56.5511
44.4092
37.5723
42.2237
51.2161
57.7134
41.5058
55.7371
54.3506
44.3749
47.7285
51.1395
45.3397
46.126
50.733
41.978
54.0862
53.2601
44.0609
46.7905
49.6219
45.758
45.7057
46.5918
50.743
42.2965
55.8093
40.497
51.9909
55.0181
53.1768
51.4615
44.0807
46.428
47.9834
35.9298
42.8653
57.8464
42.5355
52.9968
47.1639
44.9046
44.0628
55.3358
55.122
55.0882
50.2375
42.9029
43.6904
52.5024
37.1702
54.6628
45.4986
46.9436
39.4427
50.0966
57.8156
40.9558
63.1515
44.4077
50.0504
56.5656
50.3839
42.5461
45.9127
51.514
49.5697
52.6688
48.3888
42.1477
46.7032
50.1921
46.8098
53.4013
46.2925
44.7558
49.4108
45.1483
41.1354
56.6807
50.2887
51.3856
52.0249
46.7286
49.7476
55.4842
42.6643
66.1318
57.1212
51.5749
47.7362
36.5144
36.6564
37.3631
50.1361
54.5459
42.0095
34.6518
52.0584
42.4467
40.9054
56.935
66.3427
37.4763
57.6445
49.7443
46.0486
53.818
42.0207
44.7878
50.3687
42.7793
52.1776
34.6985
47.7536
44.1131
49.4021
36.2055
51.9066
38.6754
43.5009
51.8958
45.7936
49.9485
44.6336
57.4987
54.7275
45.0332
44.3495
46.2536
57.9454
54.2031
48.6156
48.7934
59.8983
46.1379
37.0927
52.3378
43.2072
48.6001
49.3199
46.9084
55.7409
53.6461
53.7364
42.7194
43.0284
44.7487
51.5144
45.2502
42.7625
57.6467
53.77
48.263
32.4685
42.2381
41.3545
45.7736
40.0698
54.1769
42.3082
57.4152
40.6317
45.856
35.565
46.2725
58.4455
41.5034
50.6958
52.7849
50.5033
58.0894
48.3817
46.723
57.2981
45.3134
37.6223
46.5685
59.3564
44.1211
51.1034
42.4126
49.3588
45.822
48.4593
42.1279
44.8746
36.1824
54.5442
48.5766
52.231
46.9177
42.5992
42.3423
51.8814
48.9847
44.5506
43.4976
52.745
55.1952
46.8084
28.5013
57.1582
57.2342
50.0694
41.7963
45.503
57.7675
39.751
58.3553
47.5962
53.7569
52.9075
51.1584
52.1153
42.7338
41.5919
45.4671
47.1783
48.9645
48.0682
47.6198
43.2169
62.5587
51.0192
48.5172
42.2845
53.9532
49.0048
38.4717
49.2081
39.0067
56.957
62.981
56.3079
51.1404
59.7616
44.7877
53.9822
52.0141
41.6547
41.135
49.106
48.6862
53.1441
42.1014
48.7956
44.7616
55.9991
48.3137
41.4171
41.4045
40.7053
59.715
48.4309
50.204
39.4166
48.808
44.0082
55.3467
50.9133
52.9156
46.2496
51.3493
50.7606
47.0213
42.5667
50.6502
35.7416
55.5704
53.2139
52.9938
47.2266
49.7644
40.7812
46.5559
55.0407
49.6623
48.7003
49.2394
46.9994
56.8807
40.6913
55.1801
39.7603
46.9651
39.2766
35.5075
36.4465
47.9882
54.2998
47.246
50.0568
52.342
47.7647
47.5104
48.6445
47.4724
51.9433
48.2907
46.1641
56.2231
45.3221
42.7299
41.892
53.0325
50.5022
49.0787
48.1725
55.2465
55.6089
47.8627
60.4807
57.0825
55.4196
48.7087
59.2545
57.3524
51.8233
54.7296
49.6756
49.6976
53.7786
51.5646
41.101
42.5331
51.4458
49.883
33.6063
61.2889
42.3394
49.7788
54.4854
49.655
43.5271
42.6226
53.2131
46.1696
42.7645
64.6871
45.9579
36.5099
42.9154
41.6171
47.2671
43.9238
55.9824
50.3613
51.9571
47.3413
56.0136
48.253
49.5115
50.327
49.1362
59.0244
57.2452
55.4995
46.371
54.586
40.3774
60.0292
45.2873
56.6383
47.3442
42.2147
45.9341
46.9202
53.6058
47.7872
52.8905
56.7259
55.5138
41.69
43.6375
45.8203
46.1164
30.7114
49.9759
41.6309
49.6353
44.1877
48.8277
54.7218
32.3597
51.3625
54.6361
42.2826
44.8306
57.873
49.0948
54.8762
38.0184
47.3111
49.038
43.2754
45.8224
46.4845
48.0831
53.6341
52.5775
57.923
47.8963
39.2267
42.1662
48.6554
47.7811
37.9842
39.8236
53.743
41.1867
54.6467
60.2576
52.2816
38.7646
51.5725
49.4424
54.511
50.5027
26.615
51.1098
47.2448
39.3622
48.1486
50.6814
54.8198
53.4389
51.9635
43.4894
54.3641
44.7902
55.534
49.6309
52.6867
53.2183
44.1769
46.8769
45.7988
46.0934
46.3982
43.0316
48.3399
54.2241
52.4938
44.5068
38.4267
43.4145
29.3985
48.4395
60.8547
53.1827
48.4006
38.102
44.1457
53.1334
45.8281
47.0035
45.1994
55.0058
52.5741
50.069
43.4191
37.3065
32.3819
41.6068
46.9303
38.5628
44.9878
58.1442
52.7605
51.3612
50.8083
40.1955
54.9818
56.2951
58.9904
37.5855
45.5983
52.1523
39.8023
55.2
35.9443
56.6715
49.1802
43.9793
45.9758
42.0843
48.4127
48.3735
37.339
45.5207
48.4294
67.4939
57.0349
59.179
42.2084
51.2351
43.1413
52.4601
54.171
48.7229
49.6767
48.0041
42.588
45.4813
47.4123
51.3697
50.3251
45.0383
51.9805
39.9051
53.1657
50.1734
47.8728
46.2421
43.9308
50.1834
55.4817
51.4784
49.3778
49.2525
55.1435
38.6703
36.8871
40.7195
41.1735
46.269
54.6388
41.7854
52.1702
55.6385
42.6117
58.5967
34.4207
51.2611
52.9113
45.6585
54.6543
61.4497
46.6172
44.8894
53.3431
48.7372
50.4829
55.5928
50.7267
59.1396
44.4142
45.9732
46.8389
50.4897
38.4681
45.0985
58.0826
52.5963
48.8138
56.4966
40.8018
43.1709
46.7877
52.3036
49.0437
36.4898
52.4122
44.5349
44.6543
40.496
44.1102
43.3585
54.2767
48.7081
45.3842
44.8768
49.1625
47.0301
43.4613
48.619
40.1777
51.356
50.8065
47.6336
52.0863
35.9234
34.0109
45.8713
48.4983
55.1105
54.7755
48.5071
52.2294
54.1077
61.1141
40.6414
50.7772
44.0024
47.2413
40.2545
56.1043
54.66
46.9298
54.0165
43.0571
45.4096
47.6351
50.5952
45.9159
45.4577
38.9799
43.0255
51.351
45.9521
53.0197
54.1898
55.4834
55.8882
44.74
57.4863
64.5547
46.9099
48.1516
50.9487
49.9155
48.5669
45.3735
45.189
46.0309
56.3158
46.4793
51.5565
45.0849
55.0827
51.5551
45.6795
40.1016
43.8999
54.1888
57.6606
40.0978
36.4134
55.6341
49.3505
53.1059
44.6669
42.6723
60.8781
51.7074
45.5649
47.7578
49.0228
40.7022
56.4608
45.5972
43.6658
50.9077
51.4115
52.3245
48.0163
45.8634
52.8084
50.9904
42.1499
42.219
43.6594
51.5224
58.9448
40.2669
44.2542
45.3645
59.0428
55.1917
40.0806
31.6256
52.8252
47.0076
59.086
54.2796
49.5991
40.944
52.7041
44.9042
53.6105
42.315
49.8057
47.0046
56.2561
49.0984
57.1629
41.1995
64.3862
46.5526
56.9844
59.5176
47.5726
44.3785
46.6097
60.0602
49.9064
40.3524
49.2773
55.7889
49.7341
46.5246
54.7242
63.9506
50.6335
50.1468
55.5494
43.3556
51.3803
49.8193
45.7081
43.7974
57.3337
59.1808
49.3026
39.8783
48.7324
50.2183
50.1192
46.8295
47.5859
47.6436
47.6321
45.2144
40.3646
39.7197
62.7107
48.4016
47.2987
50.8495
58.4659
56.4573
52.5553
55.7898
59.7751
39.576
57.8985
50.4055
46.7168
41.4036
51.2045
47.7965
47.942
46.1319
43.8554
51.8458
39.9206
55.6579
56.9625
57.3273
54.9581
51.9917
47.6758
44.1162
49.3548
47.7209
53.1539
45.6432
50.2395
71.1925
52.8351
54.998
57.1715
50.028
44.5624
56.9433
45.3089
57.5037
46.218
38.5123
47.4634
46.6268
47.1536
46.401
47.1119
47.4573
52.6232
47.386
47.9712
47.97
50.0827
39.4863
46.7426
45.3266
36.5674
52.1478
39.7937
51.5023
47.6585
63.2557
57.5991
44.1158
51.8369
48.4251
50.1905
55.2545
62.7973
54.2283
53.9138
34.9337
55.536
47.9471
44.7503
50.3982
50.0559
50.9324
48.085
54.2715
56.4123
48.4265
49.52
40.6917
61.0634
50.975
54.8075
49.5223
56.36
52.8641
46.5256
57.1611
48.2098
41.0274
50.5449
49.3414
51.5718
45.4926
47.8864
51.3801
50.0745
47.7752
37.8365
45.3566
48.702
43.084
53.3493
45.9234
44.3335
40.7506
50.3448
47.7417
54.0804
49.1648
40.9052
52.1845
53.0048
49.5253
43.9029
33.9902
60.688
53.7826
42.3979
46.1651
51.741
61.8986
50.6068
47.2454
48.5136
52.0962
35.5844
49.3293
51.9965
36.1069
55.5254
55.4348
49.2775
47.2705
53.5076
51.8059
48.1472
44.1255
44.4404
56.1946
57.7285
61.9947
47.359
46.7006
46.0539
51.1709
52.8394
62.3879
44.7625
48.2422
40.2868
35.1529
52.4931
45.3554
54.3881
47.8042
39.7385
54.3737
51.0679
57.0459
40.0566
59.2981
54.2446
59.481
47.0113
50.8697
53.5665
46.8542
53.7599
48.4174
57.4745
50.4603
57.1436
32.8761
49.811
48.325
47.8589
42.8581
40.4816
43.6273
49.7701
51.6801
43.8947
48.9495
47.7959
44.7051
46.6441
48.557
41.8358
38.739
50.1533
38.8518
41.9793
46.4118
45.7008
53.9594
49.7141
49.0904
40.4562
46.481
59.0721
46.144
39.2672
58.9663
46.4202
41.6066
51.5974
43.88
46.7601
45.6428
49.6251
49.2752
62.0881
49.4056
45.9349
40.2642
44.5863
48.1855
35.2943
46.0152
36.7689
43.3504
53.3578
51.3771
52.8646
44.0886
52.4802
54.9977
53.1216
48.3671
48.5468
55.6032
49.4427
46.5805
43.0629
47.2006
47.3192
54.1455
43.4898
45.2545
48.2964
37.843
50.608
52.8337
55.5607
52.7957
40.3972
52.8678
44.1375
48.4496
51.6198
37.1475
37.1292
48.9333
42.0435
61.4209
43.4113
52.8377
34.401
38.7078
54.9105
47.6356
42.0532
41.3158
34.961
41.5197
62.7213
41.0257
56.6873
44.8411
47.5469
54.2188
50.1258
51.9412
41.0157
56.7275
49.491
48.5679
52.1383
60.8265
58.7302
52.9978
48.3784
54.5319
59.0733
51.718
47.7177
41.5033
62.1163
53.6095
36.8231
33.3693
45.9885
53.0991
35.8183
58.2824
40.0304
49.0114
37.5411
52.024
50.1997
33.8578
46.4819
37.8169
61.2321
54.403
51.2531
48.451
50.429
48.4067
46.9487
58.1503
43.9997
47.169
48.6253
59.8155
52.7797
45.9518
40.9229
62.3643
49.7623
49.4544
45.0194
49.3916
45.6868
45.4583
51.9583
35.3426
60.8356
49.54
48.9094
44.428
49.0889
46.7518
54.6304
53.4967
46.682
39.9279
47.0647
58.0442
59.1116
60.7325
40.1873
57.0116
45.3429
38.8161
50.9267
48.7489
45.0271
37.539
41.0446
43.5694
36.0862
46.5343
42.0643
55.6006
51.1431
49.8073
57.6526
63.5961
56.8752
43.3918
44.0627
44.984
45.4616
51.9151
40.6926
42.0483
39.247
43.2408
39.9129
42.4086
47.6837
52.4144
50.5245
43.7662
55.505
57.3572
61.2733
38.5217
43.419
58.5792
49.8442
52.8347
53.2261
55.7426
52.3823
57.5741
46.9776
39.7297
48.764
51.2064
42.6758
43.8118
40.7606
41.5964
54.4972
52.2192
42.9611
38.6328
44.5836
48.2269
40.5483
46.6212
48.4882
51.9126
47.5989
51.8977
46.0176
50.9463
54.381
45.8028
56.9241
50.9368
51.9268
53.2869
45.6897
37.2441
47.523
44.8091
49.6193
55.1526
56.5625
58.3236
51.264
46.5972
48.2862
51.5383
38.1585
50.0423
50.8929
36.0732
41.1756
49.7893
43.0957
47.8698
38.5743
58.4736
42.3826
46.3413
46.765
57.0254
45.3724
35.3754
54.3544
56.6817
57.6143
44.3906
47.8215
48.7661
40.3939
50.8635
48.5985
38.8727
53.1699
52.9492
62.1127
45.0248
51.0889
50.3444
46.3673
55.8204
56.0677
48.2716
41.5717
58.1592
47.4354
53.6018
54.7098
46.8201
43.5645
49.8825
47.7092
45.9942
49.9005
46.1274
52.9771
45.6419
56.7392
52.5355
48.5408
52.5039
46.6981
38.0427
45.2925
58.339
52.8356
36.4989
47.5502
55.1761
50.7112
46.8456
40.1545
48.3753
53.1085
56.0295
49.0659
47.4671
32.8502
47.5393
52.1015
40.2583
45.1826
41.8189
51.6011
48.7242
64.3084
49.8544
45.4277
50.7474
37.2338
39.2999
46.3791
53.1962
43.9905
55.4452
56.2527
65.1623
27.7461
45.6303
41.9005
41.9442
59.1516
56.5291
64.3697
49.247
53.8013
44.9658
40.3775
57.3659
55.2064
54.2497
43.5357
40.4939
51.6623
32.2875
39.5331
54.0039
60.4294
38.5859
51.0745
41.9332
53.1193
53.9364
40.8403
39.56
40.3866
45.1866
49.2893
46.6365
52.3252
47.1537
47.4826
47.2764
42.6858
49.5555
41.119
46.5633
49.6508
52.0778
51.0033
52.3991
44.9136
42.1134
56.4223
52.3013
50.8859
55.8279
51.2162
48.1463
50.456
49.3086
46.2941
46.5395
44.503
42.1142
39.0739
48.3763
53.9113
49.9829
48.3378
46.8334
44.0499
43.671
55.8334
38.9792
42.3724
35.125
59.5476
32.8926
41.053
62.998
37.2171
51.2317
58.8875
46.1424
28.8715
61.3104
39.6847
51.4738
39.4668
49.7724
44.2175
52.1661
36.3411
34.2611
56.0456
52.8676
48.0277
45.8196
54.5593
47.0252
47.3684
41.6516
46.4139
51.9617
41.1383
53.0295
46.7767
51.1603
40.2646
46.5088
41.4413
52.6348
51.3283
49.2573
49.791
47.7136
45.9739
37.7551
52.8383
47.3719
55.4056
31.864
35.5038
47.4364
36.2187
44.2445
52.4977
56.7512
39.6446
48.4658
40.2846
53.2563
35.2152
48.4776
35.3601
46.0736
55.7313
60.5671
36.9388
48.7318
49.0357
49.1366
46.584
52.1005
55.7456
39.1919
54.2494
46.9923
58.107
63.6402
48.9572
55.8567
53.2333
43.4094
57.2385
55.7826
55.0472
40.8762
55.8259
47.7166
43.7364
60.0644
49.4957
42.138
57.3383
41.8067
45.7519
44.867
55.155
46.9314
50.32
55.0766
36.2851
58.4109
66.735
48.9886
49.6031
53.4475
52.7548
35.1596
45.6179
49.2526
55.3807
37.7586
42.6827
50.5136
53.6476
56.1707
41.9565
50.3807
40.2163
44.2928
42.4006
44.9753
44.2861
59.5945
44.611
48.1956
54.0936
45.4207
43.5002
28.0771
50.8325
51.3776
53.6087
42.3637
59.2517
46.8753
52.4085
48.5262
51.654
46.9795
45.347
54.7055
43.9013
45.3151
55.7757
55.6
45.922
49.6717
42.5479
49.3218
45.0829
49.5233
46.356
44.7003
43.8492
35.8845
47.0402
44.4646
48.3193
54.9784
46.706
37.7187
48.247
51.4148
54.2246
60.405
62.0903
44.9517
53.8937
42.2847
48.3897
50.8628
34.4829
57.7892
51.8285
45.9957
44.6281
48.1808
50.9816
41.7342
47.7244
53.2988
62.734
41.8749
53.7371
50.3095
44.8204
48.6528
36.8984
56.3496
42.2464
46.8982
46.6396
40.5503
58.9071
41.3041
46.8665
40.0357
49.5589
54.3218
50.5279
51.1958
42.8639
46.6225
51.3787
45.5699
54.706
52.0555
57.6473
50.4413
50.8615
43.0079
53.8706
52.1728
41.3576
51.5341
44.5886
48.9359
32.6275
47.2996
59.304
54.0729
43.5708
52.4077
41.6603
51.1573
46.2939
55.7536
59.6534
41.8211
45.6634
42.6965
41.4346
54.2394
49.9698
39.7431
52.0276
55.4319
51.963
46.1262
51.2986
40.8152
53.9319
60.835
50.6595
45.6494
46.9007
58.5538
50.7384
44.0534
62.2464
44.9993
49.1145
51.8143
47.3192
52.753
41.3121
60.4586
44.9831
32.9733
53.8992
63.6067
47.566
47.3586
54.3746
47.9625
49.8704
42.849
48.1693
47.0272
49.1792
49.888
51.0499
63.6596
57.0367
46.3997
51.2652
56.3026
51.5588
43.3675
46.4505
52.699
44.8509
44.5945
46.5927
47.2567
43.48
37.1059
47.0569
53.676
46.5908
49.9812
52.0058
41.7006
37.5641
58.7893
41.2349
50.021
50.5742
48.4635
50.198
65.7677
50.4143
48.1169
49.3379
47.6344
53.6518
56.4599
44.4647
47.1116
50.1955
38.1099
46.8377
41.5236
35.2942
50.753
51.2887
43.8005
43.2259
38.3011
50.6656
55.0503
49.3606
39.0599
40.4336
41.9434
48.8364
41.6468
33.5072
49.5953
54.8106
54.3639
41.3258
31.9636
44.47
49.9566
44.1893
44.9485
37.7227
47.296
44.6149
53.2411
42.4377
53.3387
45.0163
54.8329
56.5256
60.4042
39.0286
43.4888
46.1624
47.2408
46.5326
58.9694
49.911
34.1845
54.4874
46.8391
42.5707
55.5777
50.2846
39.6301
47.0472
55.7556
33.3409
52.9521
46.4525
55.0034
58.1004
60.2081
39.9857
51.989
34.104
44.8189
52.1054
46.3039
37.8255
44.9321
57.0461
49.024
52.6309
38.3863
49.5106
50.3465
41.828
42.9107
50.1503
56.091
48.8453
31.9363
52.6006
47.7456
53.1995
54.954
57.921
49.0508
43.7582
62.1428
50.7244
50.0192
44.2329
48.4462
50.4999
55.4038
40.2522
35.9489
49.1527
60.4601
47.9373
40.5162
45.7217
49.1602
33.7196
56.4658
48.5093
44.5597
42.3053
41.1212
52.9948
51.9233
51.121
63.5384
65.3292
37.7369
52.0923
44.3541
54.5332
48.7379
54.8972
53.3788
49.8648
53.1642
50.8304
38.149
54.7431
47.8185
50.4626
45.2747
48.5011
49.6488
42.6762
43.4669
50.2632
48.5743
55.3134
44.991
50.7996
46.6524
52.6191
46.1597
46.3291
36.3503
37.074
46.8502
51.8866
57.8739
48.9956
48.1551
38.6505
36.0078
38.2853
52.2885
51.4284
52.1564
56.3999
63.4291
46.8009
45.4418
45.8262
43.0019
30.2291
48.1466
52.1193
57.0332
48.2345
40.3975
55.5179
43.7232
36.1131
43.819
48.3874
41.5577
49.1189
55.5436
37.3291
40.6983
53.2331
44.1929
55.7282
50.2194
37.3603
60.8508
53.0119
58.5693
53.411
39.471
42.7764
54.4506
43.0112
52.9862
47.295
43.1473
42.5824
37.7086
41.7996
45.7177
54.9107
50.7456
42.3176
46.7235
40.7614
51.5144
55.0687
60.4906
49.268
44.3813
47.8092
42.6304
49.5244
46.5933
39.901
57.1192
52.9877
55.3221
45.1627
54.936
54.2885
56.4277
39.7995
46.2491
39.974
48.4684
44.1728
36.2298
46.6432
45.1626
47.6473
52.9864
52.0901
50.8826
41.8871
44.7999
32.3864
60.1279
54.2363
49.3038
47.0303
46.9096
45.5212
45.3558
59.3388
48.755
54.1511
48.6579
50.5046
40.0124
38.1617
46.0533
41.7055
42.5874
50.2716
39.5353
47.5563
46.8708
45.1817
50.7496
42.9955
61.5073
54.4879
55.5577
39.9774
46.9729
51.6132
43.9863
52.9459
50.5316
56.2421
47.5155
54.216
54.6935
46.7477
36.3532
60.9962
39.6495
47.2022
48.2753
44.4181
39.5841
48.5171
49.6951
40.3724
53.1754
47.0988
37.5152
54.9904
39.532
45.9431
48.338
38.988
41.2747
50.5286
51.4656
57.3865
35.2231
55.43
39.9524
62.4949
41.9537
49.2882
51.4941
49.4011
61.6874
48.1917
41.6752
45.6365
47.3596
45.3294
42.895
52.3011
39.9505
36.4262
49.0796
54.1682
55.3337
54.0817
36.7647
47.1882
45.8157
42.8073
48.4732
45.562
36.4422
42.3894
44.5174
62.4942
47.1897
36.118
43.2523
52.5525
55.0291
46.9358
56.443
43.9665
52.6304
50.0712
47.363
35.9868
51.4714
44.9814
52.7673
35.5965
60.6246
47.0111
60.6791
49.3749
44.7039
45.2326
60.6402
52.9426
39.5889
50.6959
54.7541
42.4358
52.1779
52.0689
55.7855
39.7588
51.3763
45.8313
43.3494
47.4111
42.6826
42.814
55.3574
44.2484
47.9656
51.7899
33.7753
40.359
44.8109
42.3572
42.422
44.9296
49.0272
54.0851
32.6019
51.3432
51.1121
51.5563
44.9395
47.3425
48.1972
54.2331
48.1795
51.8278
49.5533
48.206
47.8701
57.4147
40.9518
42.6277
46.5794
55.9399
42.3135
46.1396
53.0831
47.1072
44.1365
50.8627
36.7518
50.565
46.3046
47.7341
36.7117
54.2087
52.883
40.9129
47.4216
46.8515
51.333
46.2702
57.6483
43.117
48.9402
55.906
56.5259
59.6238
58.2526
44.2462
48.2209
53.8355
48.2037
45.2779
56.0989
51.2075
46.5685
55.3208
37.6778
43.6462
35.9937
43.6369
53.7715
57.2677
58.188
34.5423
59.424
49.724
37.0652
45.6193
54.3884
55.9861
60.4965
40.0904
52.5885
54.3873
38.4505
55.1713
55.5429
38.9193
38.1464
52.795
39.3531
47.5531
35.9727
39.5652
48.9556
46.6737
56.6561
50.5644
36.8626
57.4088
47.337
36.4517
42.5602
42.643
42.9237
49.9685
49.4363
58.0655
52.5482
51.0219
43.1603
45.0488
47.3149
52.1547
44.7186
58.2021
50.1544
54.0383
43.9616
52.7785
50.9665
58.9165
56.5673
46.3642
43.3371
51.3094
53.625
36.6554
50.8877
56.741
48.817
51.9422
36.7261
52.1869
54.9713
45.9644
52.6044
48.4288
41.9745
41.2794
58.4897
55.0022
46.6447
39.2814
40.2373
43.5065
53.992
46.4947
47.5072
46.7517
57.5612
57.9613
40.5481
59.6796
46.616
45.6607
53.3337
52.6167
52.5523
60.6049
40.3591
40.5657
53.6699
44.3595
49.0509
51.5186
38.064
50.2581
40.6923
42.8322
52.7423
36.8211
42.0192
58.6942
55.9455
56.7308
52.3987
33.5014
42.7743
55.1574
27.5343
43.1359
44.1551
51.4447
56.1619
43.5149
45.1568
49.8659
37.2309
48.3402
37.6368
50.073
53.475
63.5947
53.691
42.5881
46.1682
52.4497
55.947
51.7586
40.4344
43.8626
41.8723
50.1974
52.4083
50.8775
51.7209
47.2845
50.3707
50.0562
43.2036
36.373
44.0928
42.5395
52.0364
51.3946
40.0866
56.0937
44.9507
42.3407
45.1678
44.5325
42.3985
46.2004
51.8754
47.8355
55.0625
51.7158
52.1515
47.5296
35.2546
56.1894
51.5487
48.0681
40.7966
48.8258
55.6525
42.6562
45.5218
54.7863
49.7716
44.8308
46.4668
44.5725
44.2426
46.1432
51.2173
54.7921
57.488
46.8702
43.1005
46.0386
57.8488
46.6632
47.7101
49.3244
39.1398
46.6895
49.0921
41.8736
46.8489
49.7199
34.7986
54.3179
54.9746
48.6846
36.4181
61.7856
59.0876
53.4478
60.7139
57.7585
44.5595
55.7583
58.3223
41.5415
55.672
51.4708
47.5573
48.4937
53.2617
47.4641
49.5866
55.7462
45.3252
46.9893
59.3421
32.8361
45.8013
46.3929
51.4359
55.5319
53.128
50.6116
47.898
39.7753
53.0034
46.6318
50.8006
54.7779
45.2688
47.8672
55.0505
55.9606
56.9756
40.9663
48.8389
41.7929
46.4917
44.5486
34.5597
46.3388
43.9582
49.7806
44.7065
47.9951
55.0906
54.9072
55.8569
44.5855
48.864
50.5597
42.7871
47.0615
42.9517
54.5231
53.0573
50.3559
42.6252
34.1717
51.8429
57.488
45.0384
41.8114
51.0084
43.1899
38.1894
62.1833
55.905
48.7376
55.6119
43.9324
56.1225
47.36
53.6227
45.932
39.4465
36.8306
48.7643
41.6179
38.8881
45.5184
47.239
44.6918
45.3856
43.1867
53.8835
42.0389
47.9028
46.131
57.3696
43.97
44.5167
43.9228
54.5154
48.4011
49.1927
49.3656
45.972
45.0235
54.0507
49.5539
56.3971
38.6709
45.0708
44.1714
44.2472
38.7462
41.3015
46.2501
41.8198
53.9847
54.653
42.4133
49.3989
48.845
57.2453
52.6662
46.8206
37.3033
52.7317
43.2795
51.9513
46.389
50.4825
59.8211
55.8607
43.687
45.8839
49.629
48.3478
44.5362
55.5872
52.8206
52.5642
49.0851
48.3819
41.1376
36.4197
57.7603
39.772
40.7875
51.2139
52.9809
40.4012
58.0087
54.1265
43.6827
48.3572
42.6201
49.9614
37.8264
41.2336
37.5983
49.6423
49.0856
51.5215
55.3109
51.6511
55.9007
34.9924
52.3984
49.937
58.4873
49.2262
53.5167
60.1978
52.0621
44.0051
56.5581
49.9322
43.6738
50.9717
52.6349
42.5454
50.7637
51.673
48.44
56.0417
45.7544
46.942
53.0805
45.7554
55.0747
62.5558
45.2573
33.5217
37.5662
39.3681
57.9241
51.4287
46.5591
51.716
38.0525
49.0945
48.45
50.8077
40.8169
42.252
46.0725
58.2702
54.8928
46.4205
40.3859
50.6866
57.2814
49.5542
42.4958
53.1547
44.263
42.1724
48.94
51.1707
46.0015
44.3088
51.0938
54.4327
41.6728
50.0241
51.7773
57.1829
55.9036
43.2103
44.9947
54.3672
61.7173
42.9135
36.2365
38.5019
42.014
55.0457
47.4464
48.3264
55.12
43.6598
51.072
66.5422
43.2456
50.8229
38.7351
50.0056
44.7857
57.5594
43.8243
38.7006
42.9645
45.1734
52.1053
47.4928
51.6395
40.5494
45.8412
50.122
49.1386
49.2131
44.7508
59.8254
60.3339
40.4647
48.0583
52.3263
49.3083
56.6352
40.1325
61.2649
45.0863
45.4481
51.8695
62.0532
41.3466
55.1596
54.0678
46.4769
47.4608
46.7953
33.573
50.7138
48.6717
41.9453
42.1635
55.7071
43.349
52.2794
47.0515
45.6935
51.5767
56.7404
56.8011
42.8097
41.8386
51.8891
53.506
39.0482
49.1066
47.0871
44.962
55.1936
56.5588
43.7825
40.1179
29.9273
51.7589
49.6931
40.8203
44.9687
42.6287
35.4181
53.1617
46.2877
58.4951
50.5739
57.5835
49.9392
47.129
52.3431
56.9282
42.0926
55.5072
48.144
62.9708
41.8344
42.9728
41.3908
32.8465
44.4711
52.0434
57.3153
48.2172
41.76
43.5583
47.7588
44.294
42.6284
50.3743
45.0384
47.0673
46.9158
48.4545
44.6928
50.4909
54.4717
51.288
48.4964
37.7244
53.7561
55.7496
51.5359
43.7906
64.732
54.5923
53.7366
39.8318
43.2041
36.0548
41.3557
34.6526
35.3299
45.4813
52.588
48.4975
50.4183
57.4177
53.9308
55.3212
42.3986
47.5553
55.6469
46.4547
51.7006
61.8838
54.0554
53.0439
46.6914
56.5258
52.5376
57.5636
41.6924
51.5442
47.3091
49.7048
49.0985
39.8164
51.4471
44.6603
56.2973
43.3815
50.9143
44.2034
61.542
49.9768
52.5864
56.7735
50.4636
45.767
51.6142
71.1063
34.1011
45.8202
49.2963
41.0031
39.858
48.107
41.5368
48.2729
46.8387
43.8166
50.5627
48.6212
43.3006
50.5343
43.469
52.0913
50.39
54.579
53.5203
49.191
36.5279
58.3222
48.3408
50.4467
47.8163
56.0628
52.1725
45.8402
46.5113
56.3016
54.116
45.3967
44.2037
50.7089
50.8439
44.4696
57.4452
57.1742
44.5134
46.6057
39.1412
55.0576
48.2593
33.6018
53.1839
53.0441
38.3133
39.8697
40.7888
46.2052
45.9131
43.6816
40.8206
45.4626
48.8327
51.2509
44.7567
58.9768
51.2137
39.1211
50.979
41.3605
45.17
49.3438
50.7476
57.6001
55.2703
52.164
45.5173
48.8161
46.4857
44.2093
52.5853
50.2479
54.4574
45.781
68.4571
46.7428
49.5655
52.0237
41.5833
44.913
46.1126
46.1435
45.8691
44.2329
39.9473
47.4208
54.0214
55.1382
42.3916
54.9487
36.8416
40.9037
45.7651
53.6028
48.3664
53.1808
55.9966
49.5357
41.6334
48.0609
41.9618
47.328
45.4719
50.9374
46.5989
54.6015
47.5894
48.2571
43.3432
46.4604
48.2802
34.3951
62.9755
49.6259
53.3536
64.4138
37.1818
42.5936
49.2306
62.6855
42.7006
52.7332
51.2644
51.1605
40.5371
55.3844
42.9001
43.3936
54.0732
31.8344
47.4706
46.4337
47.8226
57.4713
44.2175
43.5969
53.1845
49.6806
47.1719
53.2705
48.5018
60.0811
42.6515
38.827
48.4842
49.3431
48.4828
49.8358
45.0594
46.0307
57.3412
55.1259
52.6313
38.4665
56.1426
37.02
37.4997
45.5671
50.1641
49.8151
49.9121
37.6087
30.838
43.9072
53.8538
59.7169
50.2395
43.0654
41.0238
51.4944
57.9874
44.05
59.0353
45.0371
47.5114
49.457
41.1958
50.6618
49.8974
53.215
50.3625
30.3651
36.1204
55.9393
58.7522
42.6679
41.9066
51.8901
47.5475
42.6801
44.0636
55.2437
51.3878
41.6226
44.3431
58.591
42.1445
49.4116
63.9624
46.4057
52.0133
46.576
48.9409
49.8056
48.7793
45.0872
41.8468
49.2283
47.0553
47.9519
62.3135
61.9322
53.1313
40.4194
53.2686
54.645
44.5475
43.1958
46.0271
51.2106
58.1488
40.4803
43.0858
50.3389
50.8227
47.7843
47.9659
39.6247
44.4383
47.673
60.2446
47.598
41.8431
43.7203
52.6617
48.874
42.7311
45.3911
41.523
42.4261
49.0299
45.2068
50.8784
48.3225
46.3269
51.7625
50.9019
44.8057
48.8529
46.0809
47.597
54.2456
54.125
51.3321
47.4409
45.2213
44.2125
45.1746
46.739
51.7409
44.8444
51.3834
44.4709
51.3778
41.3592
42.3789
48.1935
56.6904
57.9634
44.2959
50.1036
52.4552
52.7045
61.2702
52.7831
49.45
43.9836
51.6707
47.832
46.2573
51.5946
46.3653
49.1697
50.3224
47.9801
53.6588
51.5122
46.6979
46.1168
56.5443
45.6135
48.1308
43.62
47.9916
50.6029
51.7146
42.3857
58.9829
54.8158
44.6041
59.5862
50.4873
49.4856
60.7499
38.6533
41.8887
52.5479
41.0654
40.2176
60.6658
48.7305
48.3418
39.9453
38.3262
45.8729
46.8241
41.656
37.3493
58.3229
48.7322
52.1662
43.0648
38.8604
40.576
45.6812
41.4928
49.8056
45.3245
42.6886
40.8232
44.9357
48.1387
43.949
54.6514
58.9685
57.5118
38.8493
38.7665
55.3988
55.0708
42.146
51.3695
61.9532
52.5378
45.1673
38.2237
47.1072
47.7544
54.6199
54.6647
45.1434
48.4353
50.1216
49.9563
44.5928
47.5119
42.524
47.9114
41.056
57.6807
43.1213
50.7462
56.5417
51.2118
30.5773
44.9112
39.9891
44.709
44.6004
45.5087
38.8387
56.9336
50.2925
39.1115
47.825
44.961
37.3099
39.0103
43.7111
49.3593
45.0721
39.3133
50.8998
40.5393
53.0086
43.1083
48.9997
54.2383
48.4594
41.7582
49.6105
46.6848
39.791
44.2406
41.6587
42.07
44.5776
47.4112
59.4563
50.2842
42.5369
51.7918
46.171
45.4568
42.9968
48.3385
59.2249
54.741
58.7158
54.6006
37.9268
52.1794
36.565
46.3277
50.4683
43.5835
52.3359
59.1997
52.0945
56.8269
36.987
49.3887
45.464
41.9476
56.1727
54.1379
47.4436
45.9806
47.0683
33.2811
41.0587
47.8067
49.2169
46.2368
46.0085
51.114
42.8407
55.9891
41.7376
38.0489
55.6661
45.1366
53.4104
47.792
44.5632
51.597
61.3261
54.0771
38.0512
40.9001
47.6524
57.1561
51.7906
47.0282
51.8258
49.6861
57.9024
47.3424
43.9905
52.5537
54.6956
40.5092
44.816
51.9606
37.5975
34.1547
46.3629
47.251
42.6975
46.925
53.3337
63.6516
54.0319
44.5385
49.6477
46.4794
51.2648
50.2032
39.6611
49.961
52.1386
46.2561
55.3664
39.5396
48.2446
46.4473
44.7014
42.3292
54.3303
53.2349
51.7994
40.4683
36.6267
50.5365
46.0781
46.2295
51.1361
52.0945
40.6463
50.9586
53.5351
42.435
46.9441
54.6899
49.8031
56.1042
42.5198
54.1354
39.0098
49.8714
38.9695
47.6344
47.7942
47.7216
41.3735
44.5775
46.5364
37.6399
50.7908
51.4109
52.091
49.2777
50.8802
46.4549
56.1868
54.4489
48.7123
56.0017
54.2515
42.6263
45.5844
52.8622
43.3938
60.8031
40.9164
41.4607
34.892
49.9198
38.7605
44.1549
47.0928
47.7105
60.399
56.4321
49.0007
61.2374
56.0347
47.9717
40.7845
59.5461
47.8372
47.9677
52.9088
48.7532
29.7246
55.0081
44.7789
47.3639
37.8944
57.6434
41.1243
39.8615
54.2186
51.1789
52.586
52.0041
52.2774
49.4763
57.3224
48.996
49.3289
51.5984
48.6444
45.2591
48.0125
41.0498
54.2169
56.4497
52.0227
38.4191
31.0027
43.0834
48.6854
44.9137
59.1811
42.9866
47.7615
55.8313
39.6452
45.8847
57.306
40.676
47.9617
42.1281
48.9764
43.689
44.3681
50.9377
51.5788
48.7029
48.9272
43.3392
52.8807
45.5148
52.0326
44.6317
40.5165
46.2284
44.6399
43.5006
48.0013
49.7954
42.519
51.2695
50.2185
60.7766
49.693
39.0332
49.1437
33.3309
64.0313
37.7966
51.7578
47.2825
60.6894
39.4346
51.7516
43.767
54.2133
54.1891
39.0806
57.839
35.3779
51.074
40.955
52.9895
40.9705
53.1317
53.926
37.2702
55.4573
45.7943
60.4541
52.2989
42.2604
47.6505
50.4431
51.7086
46.8924
48.9576
55.9971
40.0175
41.3159
44.4365
41.6078
54.2354
43.8178
44.8272
54.6954
45.5093
48.9565
46.1435
45.1501
39.4011
46.1848
62.2055
52.3784
49.157
37.9852
59.3591
46.4775
47.2033
47.5228
45.4563
53.9991
52.7319
41.0788
50.047
50.1442
53.4843
44.0618
48.4775
40.8441
44.9829
48.9361
52.8192
45.0406
37.3101
47.5163
36.4323
59.1
40.5606
57.7753
48.7127
48.0286
42.8981
51.4454
38.907
51.8926
41.6868
39.9203
48.1845
37.7293
59.3798
40.4697
52.0418
50.1087
40.3454
48.9335
40.9738
50.0421
43.0613
50.167
53.5661
55.7463
36.9983
48.8955
52.0924
51.3603
49.8455
43.5955
44.7957
48.5125
52.009
52.2342
48.9345
58.4461
46.7553
48.3234
36.4187
45.6679
44.9437
53.4804
50.5689
44.5415
44.3446
52.5615
46.9704
47.0888
46.8627
46.5212
53.317
43.6093
50.2005
40.0756
53.402
60.256
57.8183
44.487
60.7935
45.9732
47.2641
36.3955
59.7426
42.2678
44.5244
60.9934
51.1816
52.0069
36.6583
52.1431
53.8224
42.6604
45.5021
43.6
42.119
58.2045
40.7393
49.5876
56.4702
50.2385
47.9872
54.5596
45.7419
49.4796
54.7277
52.4874
40.0284
57.6691
31.4134
47.46
45.7283
39.3984
39.8387
51.8589
47.4997
54.8947
37.9795
35.1912
44.6014
44.6026
36.8131
48.0013
61.8847
49.9821
47.5801
48.5287
48.3429
47.4072
51.6284
40.5551
54.0746
50.4818
46.779
38.517
56.4913
44.1844
38.1025
29.8998
40.4846
49.0375
50.6333
41.8027
34.8956
59.7297
51.2093
52.434
31.3181
41.0645
63.546
52.8164
48.5383
53.4116
52.5949
41.0268
53.048
51.1537
48.5965
43.622
55.4362
54.4404
49.676
45.1452
37.0003
49.8965
42.4367
45.6431
48.9511
53.0708
47.5261
41.8714
50.0089
52.6313
43.8553
44.4144
48.9838
40.4507
45.5798
46.6546
53.6214
50.6604
50.8582
41.7335
47.5232
46.6582
40.9489
43.71
44.7968
60.5504
55.7245
50.4816
52.3175
47.912
50.2174
50.7198
46.7122
45.8333
47.5245
58.1905
43.3937
47.5957
48.4764
48.1529
51.8561
54.791
44.9129
42.7428
47.1877
48.1424
59.3792
52.3108
44.1898
49.348
46.9195
38.1992
52.4828
47.0465
54.3276
45.4074
48.4462
54.8807
41.3527
51.3752
49.2034
40.9066
49.9226
43.8106
52.0162
43.2529
50.5515
49.0633
41.4263
30.194
39.8455
46.6847
53.0929
54.3326
44.0396
54.507
44.745
46.1959
55.7338
34.749
51.6702
48.1001
50.6271
32.9204
42.0769
43.2116
60.7255
40.4785
50.0839
48.0573
54.9996
57.2076
51.7715
46.4026
44.6374
44.6352
54.8463
52.6882
54.2213
50.8009
35.6007
47.009
37.4733
45.1145
46.5133
58.3996
45.0405
55.8486
46.8944
46.3287
51.8683
51.4876
50.2101
42.6053
57.3985
43.7618
44.228
42.3987
40.7969
39.1809
54.1533
54.2591
44.7613
58.0955
52.0971
31.8323
54.4359
38.795
59.1716
50.1175
46.5635
58.738
52.292
48.9079
43.4881
45.478
36.2815
52.0687
47.8451
49.7848
41.2907
38.9565
51.3691
47.2298
41.497
51.0742
41.4158
56.584
38.2189
42.6265
48.4686
44.4893
50.8103
53.4091
44.7461
54.0486
64.0905
54.8407
47.1481
29.4426
46.6932
57.1821
52.736
31.6105
59.3967
57.066
40.3366
52.5969
54.2845
47.9709
43.3984
50.6282
50.5957
47.3344
41.2134
40.7579
45.7212
52.5518
52.5261
46.1605
44.1377
62.1935
45.0865
54.5401
40.2463
49.1519
41.9359
47.9043
45.6062
52.8934
40.7271
41.9273
53.7541
51.4356
35.7313
42.3836
57.6552
47.4386
43.2873
40.6848
60.3592
48.7631
53.1779
39.1486
44.5561
52.7647
44.4303
46.726
53.742
44.818
52.7315
43.0073
58.0674
62.7658
49.3238
53.7611
48.8601
39.2566
49.6513
39.4799
37.7041
49.5739
49.4865
50.5013
52.7104
44.5836
41.4833
39.674
41.5674
38.4716
47.0175
44.1561
44.5503
55.1836
50.877
51.5836
40.2947
55.3528
47.7755
44.5751
38.0828
57.8624
44.2856
56.5979
34.7972
56.5726
45.934
45.1566
41.3913
43.425
41.9711
49.5606
43.1401
33.0998
41.776
56.5661
37.4505
49.7962
55.5603
60.5724
38.3544
42.6355
35.007
44.3223
47.8412
57.9942
50.7846
47.4645
50.4989
41.0936
51.5452
52.0433
52.9246
55.792
43.0325
46.2104
35.6074
43.737
41.1131
64.7627
52.6464
44.8631
54.123
45.0312
54.7275
46.2268
61.5632
51.5258
39.9029
46.4112
45.9282
38.6913
48.9732
51.3804
52.6731
53.4018
42.0193
49.8265
53.7971
43.0601
42.9762
47.8998
50.1325
47.5958
41.5641
52.9109
43.8309
32.0475
42.7915
51.8686
47.4404
52.7386
51.5802
51.0228
51.5899
49.7583
48.9698
46.3874
46.1258
48.6885
44.7745
49.4842
61.845
47.7425
40.0636
52.944
53.9224
37.1323
43.2054
54.1767
52.0413
57.9735
56.8954
41.4861
54.9386
50.922
59.9111
53.7845
52.4599
46.9815
52.8573
54.1918
45.5414
55.9256
57.4068
40.4913
45.5724
50.3475
43.2386
58.5986
50.7891
50.2677
44.8839
47.5778
60.6236
54.5873
54.3974
46.3263
60.5548
47.7588
53.1189
43.8727
59.9993
44.3233
47.6491
42.1788
44.1416
50.1298
48.6163
41.9212
51.3396
45.3271
41.3663
50.6339
42.0293
43.6508
39.3625
54.1064
51.0053
39.1922
62.5146
49.0312
64.3631
45.6393
50.5571
47.9126
41.8846
53.6158
41.4754
45.225
44.6524
48.1511
39.4018
46.642
40.5215
47.6704
41.7131
44.3564
49.8052
49.0738
50.7172
37.5608
52.7731
48.2723
41.5636
43.3004
51.6441
46.5298
52.6689
49.8306
47.8366
43.0636
54.2675
48.7208
49.4635
44.9919
59.5728
49.7703
53.7699
48.5755
51.0578
51.9205
46.9291
54.0243
53.9122
46.3279
54.1423
52.5986
43.9792
49.8482
63.3865
48.9502
59.2913
44.8242
34.7097
47.6566
44.7117
42.371
46.1931
61.3717
42.7001
43.925
49.7255
38.5406
54.6609
56.4252
50.0284
47.8216
50.2537
40.8562
38.1229
49.1031
49.9785
44.6109
45.5061
56.9278
58.7328
52.8358
42.2484
54.4531
48.9133
55.7641
51.2801
56.2752
51.9426
47.128
47.5524
45.4265
52.3888
45.574
52.7354
38.2703
40.1942
48.5342
57.0105
41.1539
40.4734
44.4148
45.0683
54.3299
57.2268
46.8897
55.6581
46.753
47.2693
38.02
47.9152
49.0883
53.8472
44.0265
40.3295
49.8243
43.6675
39.6737
57.52
59.6246
41.7194
56.5254
62.1701
50.3875
48.1374
47.9305
51.8489
50.0277
44.6133
42.5298
47.6636
52.1001
48.9844
42.9587
42.7127
46.9994
55.0505
47.2066
56.6132
46.0969
43.9037
36.8347
44.689
45.554
48.5478
49.7931
44.8452
33.972
51.6446
43.4658
47.9656
50.1028
46.5064
47.6415
51.8006
49.9773
50.9941
45.1956
52.3594
49.4734
60.1297
57.1963
63.0707
44.7435
50.7374
47.8223
49.2122
52.5114
49.069
58.0555
38.9067
44.2308
39.7823
52.7758
46.1451
53.7668
55.3552
50.2361
48.5713
50.1588
53.3296
42.2644
58.5949
32.212
46.982
39.5875
43.4729
55.7005
51.3214
56.584
49.6136
44.9556
48.8763
44.6435
51.3535
44.5267
41.4391
54.9075
39.627
41.8326
35.0093
44.7976
54.7886
53.5408
46.5716
55.0433
42.5526
55.0767
30.0476
43.6031
57.3777
46.8942
45.8488
51.7828
56.2524
52.7345
46.0333
53.4961
60.4181
43.5793
50.3874
48.9196
38.6361
51.7519
62.3181
46.1238
63.8703
49.4145
52.9919
49.8744
46.1971
34.7294
29.8293
61.0724
55.8325
42.9808
42.7916
52.9009
34.7526
38.1951
53.917
51.1097
53.8085
51.9888
36.2355
43.8538
46.5922
42.018
47.863
47.2263
44.9563
49.6394
38.2068
53.7321
49.2927
58.5089
44.6167
41.6099
45.9476
38.5159
50.9013
52.4416
59.7397
55.7772
40.1756
42.9538
42.6295
44.0116
59.2888
41.6395
32.3716
64.5221
39.504
61.9254
34.5336
49.2358
50.2842
50.3476
53.0203
44.9135
31.9908
48.9397
55.9414
47.182
54.9067
44.9931
50.701
38.7716
42.8427
59.4449
46.1086
52.272
60.8976
47.0229
48.8092
50.6061
57.8817
46.5521
46.7101
50.996
41.9059
43.571
48.6488
56.2361
46.0888
48.951
54.0377
44.3285
38.5666
42.4958
51.0218
43.0901
48.5597
51.5362
39.3422
45.083
54.1551
43.5987
48.1717
37.5263
58.0874
48.2696
50.4935
45.1373
43.1105
47.8789
50.0995
38.4136
50.9055
49.1168
55.9398
59.6906
54.3674
52.5534
49.4724
49.079
56.0508
45.9897
38.3677
52.0117
45.0601
44.2666
47.9755
46.8118
44.3093
42.1351
56.0608
40.3091
45.1844
62.6428
60.3054
57.5231
48.8811
48.1347
43.1221
42.7528
53.9841
55.7258
45.6385
45.8983
55.6683
42.3255
41.7539
49.4069
49.3602
46.1302
56.8088
43.9977
43.9606
48.3648
60.766
47.8003
44.4068
44.5478
46.2931
54.1116
50.0626
45.9572
49.0792
48.2016
47.7454
47.232
49.0955
58.4138
42.6855
48.4104
43.6202
44.0999
49.9987
54.9248
44.6759
52.9054
44.8724
38.8086
46.3156
33.7516
49.998
43.5522
46.3883
47.0316
36.6823
42.5843
47.3349
56.9988
55.8223
38.6912
60.8287
37.9929
43.418
48.5714
49.2092
45.0245
49.2019
56.7055
52.7004
42.2168
43.5401
46.7559
40.9808
42.5997
50.7957
53.3347
44.6473
54.8272
53.9083
47.2049
50.4521
51.9431
45.1053
57.4969
60.9799
53.5957
54.4651
46.9128
54.5058
41.8432
38.3629
54.0895
52.4582
42.884
51.9285
52.5318
33.791
50.2109
57.294
52.241
47.1992
46.7831
45.1632
50.9333
46.9179
51.1107
49.9822
59.123
44.9568
55.0264
56.8401
39.4341
43.2788
40.0169
44.1368
56.738
49.7448
49.2642
58.6423
53.3443
49.2238
32.5999
51.2758
41.9502
45.9577
34.5387
53.2852
51.3925
56.6955
57.3507
52.9637
45.2277
38.016
49.2001
54.5128
60.9792
37.12
50.7324
42.438
39.1025
55.5156
45.5248
50.4069
51.7599
35.0643
52.66
46.0323
39.5829
53.5766
51.6739
44.5327
35.3683
46.3957
43.0081
40.6575
47.4272
55.4117
39.0082
41.041
49.5968
51.3944
48.9618
53.8239
51.2493
32.6969
42.2236
36.3781
48.6483
41.4401
45.0833
49.2869
46.8395
46.8571
44.7506
54.318
48.217
56.3128
43.3724
55.975
31.1033
56.1322
45.6829
49.6317
55.4881
52.9654
52.5539
60.1302
58.2869
48.5933
50.6043
51.2141
50.6442
49.9214
54.4408
40.5037
51.6084
43.6011
55.432
40.8266
46.1803
52.1472
42.0743
47.4408
35.4209
40.7737
42.7956
47.8347
30.1813
44.2614
39.4412
44.9401
53.6598
39.9901
49.6675
47.7009
60.19
43.1774
34.0648
43.7829
46.447
43.4366
53.3292
55.6898
57.3671
45.0018
47.8954
45.5114
57.9754
48.5254
46.103
52.2208
55.6132
51.9505
38.3121
52.1392
56.9327
45.0373
55.9375
42.0999
50.2062
37.4853
44.4282
55.1407
39.1268
50.1797
52.6996
47.5105
34.77
48.6685
47.8087
46.0755
58.8865
47.1112
43.9589
48.5962
47.8974
58.3746
40.9697
44.2853
46.8919
52.0284
44.8107
55.1123
51.7406
45.2238
52.6251
50.4384
46.087
48.154
38.6723
45.2099
42.7383
55.0352
41.1508
47.6281
40.295
41.0265
36.8684
48.3239
53.2074
47.6749
40.406
59.5279
65.9321
47.9257
48.419
42.2842
54.6047
43.097
46.5633
56.7391
44.8629
51.1756
50.9657
63.3776
49.1141
47.981
50.0559
49.0041
62.9701
62.7707
47.6945
45.3056
51.2014
52.7113
47.0577
59.924
61.9931
49.2457
40.7216
44.5721
46.7376
44.5802
52.0921
48.6886
44.451
49.3825
40.4851
47.6331
49.8464
56.6423
46.9304
44.6302
52.0803
61.8662
55.1298
46.2204
53.0662
39.7588
46.0015
57.5132
47.7271
42.9297
40.8875
56.0282
44.1436
43.5908
42.2579
63.5268
40.2153
36.9403
35.0148
42.785
46.415
50.5813
53.9444
40.5791
53.3486
55.9846
40.1988
42.646
58.7113
63.2057
50.5005
50.0858
43.2736
46.8319
39.979
52.5088
61.8954
53.3495
50.2448
54.8823
47.746
42.2298
48.962
43.9115
47.6443
36.7198
37.7318
52.3125
52.1636
45.1396
50.6
60.3682
56.2869
41.4845
43.9977
39.0554
61.3388
49.7753
48.7693
38.9475
55.8959
48.699
56.7722
40.2421
49.226
42.3352
57.8791
45.4218
52.5551
51.9984
55.9034
49.356
48.3919
38.0492
42.9431
37.9359
55.9642
48.3271
49.5619
44.2559
41.2413
43.3531
41.3553
55.9598
43.6295
47.6862
47.6733
52.2798
52.1119
41.2773
45.7032
47.651
46.3085
52.6364
41.012
49.4362
39.4339
43.3861
43.873
50.9983
62.3608
59.7384
56.3631
49.8731
48.9035
50.3179
54.9992
53.0515
38.9315
43.3741
38.2657
42.8304
42.1341
52.1333
55.8434
45.3543
57.4231
51.4345
39.5659
51.6475
64.4766
47.1085
49.6772
50.5616
60.6567
44.932
57.295
61.8075
53.823
44.6343
57.7723
51.9536
56.5493
48.6627
41.546
49.0867
47.1541
50.5909
50.9596
55.623
45.1614
54.7641
56.7496
46.8201
51.1582
58.6741
44.6598
52.063
38.7377
56.7673
50.977
67.5261
53.6025
46.7943
49.2465
52.6182
53.1983
49.3887
32.6789
46.0834
56.7611
52.5252
41.9123
41.6814
54.9796
49.5278
58.8799
35.1172
51.6589
38.1356
43.0147
40.3526
53.2103
44.6102
56.9564
50.4296
51.8833
42.9149
58.6392
43.362
40.2626
53.3079
43.3479
51.6186
49.0079
54.5393
48.7164
48.6862
43.9125
46.5807
46.1963
52.1135
46.8931
33.3327
48.4164
42.4311
43.081
41.8937
49.1809
44.7746
44.2988
48.335
49.7343
51.9321
37.4123
33.9111
48.934
48.2767
35.0827
42.3468
45.9381
38.4734
37.2905
46.7913
53.5109
50.7034
44.5649
46.1764
46.8405
54.5323
40.1839
39.0603
45.716
59.3604
56.0858
43.8461
52.5032
55.7759
40.5547
52.9889
41.7022
51.1908
34.1881
47.4632
42.4505
50.677
47.3557
39.4318
47.4224
48.7896
40.7771
46.3372
42.5917
35.9768
48.6121
51.0653
38.4505
52.8742
43.4185
39.4935
35.1231
54.8582
58.1784
48.8718
50.3544
57.7965
49.0662
42.7512
44.4008
45.8886
53.2621
41.4202
40.0575
43.9989
34.814
40.3409
49.3226
55.9317
41.7816
39.7577
49.4121
44.6895
43.1071
30.3657
40.4338
60.6544
53.4551
55.1727
43.8436
49.1036
51.0832
48.5602
45.5278
40.9794
54.6988
39.9043
49.5343
60.3997
39.4034
46.8815
40.5483
42.235
39.7684
43.5247
45.6627
51.3149
47.8663
40.2487
41.9311
52.5311
46.9141
57.7481
50.3012
48.9114
59.3957
54.4849
54.8003
50.298
56.3626
41.2196
42.682
44.1527
44.8695
42.6486
42.3153
46.7746
58.8199
72.5515
45.2289
38.6516
40.0328
44.9382
46.2942
50.1218
40.3865
43.8059
51.1842
53.7679
36.8282
53.2661
51.6395
44.7836
36.7144
43.6841
43.654
52.6418
53.1176
54.3929
58.1855
57.501
51.2373
46.5303
48.8998
47.4984
33.6714
45.6139
59.8836
42.891
53.2744
51.5493
41.0214
53.7794
49.6236
51.9032
43.849
58.0609
46.991
53.8533
41.8167
48.4029
47.4
59.3852
54
46.1236
37.4039
43.6798
64.8554
47.258
54.4371
43.939
52.9058
50.04
56.0887
58.2572
63.0496
48.2582
49.5658
43.8231
44.9431
43.3634
67.5041
50.9036
56.1581
45.3244
49.2684
48.7518
43.6273
44.093
48.7469
46.8936
48.1491
37.5259
47.9924
53.1943
34.7987
49.0981
58.1469
42.7464
49.7891
52.1548
41.6928
51.3567
49.9951
47.736
65.0714
64.0555
46.1765
47.431
38.9878
57.8459
50.2794
46.0864
55.3318
55.1264
51.137
45.8005
58.1013
44.0864
62.4322
41.2613
54.1477
41.1474
47.109
43.5944
38.3828
54.7559
56.9627
59.5391
46.2932
55.9852
68.5286
54.8407
48.0388
56.183
47.3781
35.7422
53.9457
57.424
42.4952
60.2539
43.2782
51.0249
48.9333
52.4235
53.2816
49.1496
52.2206
42.7179
56.6228
50.4403
41.2644
43.2235
46.8105
62.9075
51.9885
42.462
52.8389
57.8599
47.6746
39.05
54.2023
48.4638
47.2182
38.952
54.337
57.064
44.1214
46.106
46.9529
49.4491
57.6256
49.6997
41.6011
51.871
48.6936
44.9868
56.6058
45.0869
43.5349
49.4003
45.4397
57.5087
51.8093
49.2565
54.6881
46.8386
51.4023
50.2869
47.8175
56.9722
52.1473
51.3709
42.9987
54.0822
59.0508
43.2111
43.6408
43.5413
45.91
47.5381
50.6141
48.9025
55.5535
39.9679
48.2087
44.0053
40.0086
44.3296
42.7201
41.5135
49.0213
46.659
48.1634
58.0142
46.4558
54.6084
49.7818
53.0663
54.2382
32.6572
50.2515
59.5627
48.726
42.4346
58.4658
56.3043
57.866
49.9033
51.5
51.0542
49.4901
47.154
49.0437
49.0376
54.5858
38.1934
45.4147
47.2683
46.291
36.6745
49.2049
47.4062
55.0427
43.5623
62.0071
46.5683
45.7769
50.2091
54.9018
56.6564
49.1113
47.2988
51.8486
52.5234
47.7411
46.781
48.824
46.2207
44.4536
59.7693
41.6595
50.2163
48.0274
49.3765
44.0233
52.0794
51.504
56.8027
55.2309
54.7967
46.5317
52.9284
44.5625
51.4932
55.9878
55.2503
52.6757
48.0069
46.2169
39.3004
36.2882
52.1123
43.028
42.145
49.3312
51.3374
38.74
42.4521
45.2663
40.5634
49.6331
55.1299
58.5499
50.1672
45.2006
48.8616
54.4144
54.0986
44.0793
42.5972
44.5657
43.865
50.7137
44.4301
46.8463
50.1637
52.353
43.4389
46.3624
45.9042
50.2464
55.3987
47.7688
44.7228
42.6405
47.3263
37.5942
39.0344
44.5866
49.8593
44.7765
43.1166
54.4062
41.8204
42.5057
41.8702
47.2578
40.5891
57.0525
51.1476
42.4148
56.5811
47.9607
49.7779
46.9502
43.3901
40.5066
46.635
47.3955
48.3416
51.2385
56.2879
53.2156
51.245
53.1734
46.6278
33.2551
46.8983
55.7305
47.3107
45.1328
55.1068
43.4918
47.4267
53.0196
50.8211
45.4741
49.2573
47.4138
51.2279
50.0538
54.1956
48.8611
42.7426
50.4522
42.4839
31.5578
35.6481
31.836
39.5117
48.7431
47.1464
53.5696
48.4944
50.9228
45.0514
39.192
47.237
43.0222
38.7293
45.6243
46.819
58.3238
40.4952
48.31
53.9442
42.2139
42.4335
54.706
43.8466
56.5986
38.0465
50.5421
60.3018
45.1263
44.3499
38.4781
48.7439
49.9023
44.7398
50.0073
49.0861
54.1046
42.2976
45.2929
42.5307
44.3648
42.8164
50.8144
55.6328
46.6659
46.8594
47.2033
42.3024
44.4025
41.0931
29.1094
49.2997
54.7575
40.2165
49.659
58.4315
44.7255
46.4399
37.851
50.0782
46.5611
48.1469
38.4299
45.591
44.1624
47.8078
44.7111
51.4998
47.3107
55.5855
50.9012
60.6382
52.6199
35.5346
55.65
33.9499
48.0307
53.0782
36.7085
44.4321
46.3036
44.9197
46.4377
50.4211
41.5508
44.0039
44.6352
54.1385
41.2227
51.198
48.998
42.1647
38.5892
47.7227
51.3519
45.7431
51.344
37.7648
48.2211
53.4913
57.2442
41.3363
61.2258
51.1947
52.5323
41.719
40.5684
43.1128
38.4691
45.2378
45.58
49.1632
49.6691
40.3605
46.2306
38.4033
58.1132
47.1502
57.0956
56.7541
51.1319
50.75
35.4897
41.1691
43.6115
45.3175
36.8036
43.8518
63.6223
42.2348
44.6767
49.7111
48.7469
47.7706
42.2587
51.6183
57.5983
51.1644
44.5893
53.6126
53.2682
64.0405
52.5094
46.3442
49.694
54.1606
40.9122
57.3561
57.3837
53.0733
52.2752
50.0894
44.1779
41.5767
37.6877
55.3076
51.4341
49.3592
41.0677
57.8657
42.9819
53.4026
62.0842
54.663
56.6007
50.2476
56.7549
65.9209
45.8191
46.0605
44.6659
47.9866
52.9686
54.3297
59.7026
46.157
45.1538
50.3313
56.3611
34.5572
56.2012
51.3667
45.2785
50.9991
41.7408
54.6888
47.4769
38.5215
52.3757
44.1554
50.7271
53.5685
54.8263
44.2925
55.3995
49.2876
42.1958
51.8382
56.991
46.9074
34.2823
54.9618
51.0782
47.2014
41.1417
41.9601
63.7823
50.1779
40.137
46.3947
51.7002
47.7439
60.2221
42.6364
54.7032
42.9941
39.5826
41.413
49.4811
41.6889
34.5677
48.1013
58.8371
43.174
62.1783
62.0315
53.3635
47.1377
51.8803
48.2915
50.0064
43.8459
49.2113
56.804
59.7951
51.2912
55.8322
54.7321
44.0758
48.5825
45.5925
45.273
61.2333
60.8159
59.2679
46.1967
57.3202
31.4005
41.4939
47.7985
31.9637
43.5302
46.5567
36.3059
48.4556
53.3496
43.6034
48.5311
58.3068
52.6001
47.8207
60.3211
48.4105
51.2483
48.4259
53.9174
53.0804
52.2164
52.1295
52.6194
39.7592
40.3831
37.0177
48.3118
41.1522
57.6656
42.3734
43.5539
55.6475
62.6229
46.3195
55.4413
52.3403
51.2799
47.4362
49.2164
44.0457
42.0888
55.0728
44.7352
50.3259
42.5567
40.7218
39.8955
46.2574
48.0809
56.1507
58.2646
43.698
47.0776
45.8431
48.8911
50.5411
44.7404
43.8949
41.5593
52.4248
51.6461
50.4723
36.8435
47.9308
40.0587
53.284
45.0032
35.4116
54.9228
49.7345
51.8677
42.6623
48.4494
39.805
50.2088
41.933
50.6826
34.3112
53.6053
50.7955
49.9179
49.0809
49.968
54.3633
41.3186
50.7255
53.7108
57.73
45.1647
33.7783
50.678
60.5157
42.7031
48.5361
54.5259
45.1691
35.4622
46.8662
43.4748
56.1517
58.0262
47.2623
55.4749
35.4142
41.5075
52.3786
43.8867
57.0685
53.4627
39.8051
41.4759
47.5895
46.6824
43.5463
41.2308
53.3268
52.1532
32.4374
49.234
44.6215
51.6545
34.7444
48.868
48.4547
44.6423
36.6722
53.6229
51.498
53.2067
39.5256
39.1897
50.9381
48.0876
57.1571
53.7206
43.3049
53.8707
31.0884
54.4695
54.9613
53.4508
40.0784
42.8467
52.1043
49.3101
35.1271
45.1074
48.77
47.8446
55.4423
46.5812
47.4373
57.7259
48.8064
46.8102
50.2608
52.5433
44.3471
43.4066
43.3057
47.6262
62.5444
48.4342
51.677
50.5597
42.2449
43.6911
38.2979
45.8061
42.3398
57.655
44.5804
50.7644
53.6719
41.0983
42.6923
53.4915
53.1623
53.0886
45.5755
45.0483
47.4311
56.7308
46.299
43.1711
44.4982
58.2935
45.3953
30.2346
43.9173
58.9551
58.8776
50.6646
57.6337
47.3893
51.481
60.3962
48.3251
38.2522
41.3881
49.9305
42.6895
49.3498
55.6612
47.0536
56.745
44.9338
56.6123
48.1334
53.191
55.0282
43.2895
49.7057
53.318
54.8796
45.8557
42.6939
55.4616
51.0776
38.6618
45.9163
47.1974
64.9201
39.7472
40.7369
44.2125
56.5768
32.9859
52.7096
51.6349
44.6497
47.9071
49.9844
46.7638
50.0054
59.2541
36.7323
47.587
38.6367
55.8907
53.9396
48.9599
35.0981
56.7987
41.7344
44.1128
34.9584
59.3198
45.6046
48.3602
50.6547
55.0799
45.8803
43.6332
58.4026
61.8946
59.4919
46.2326
41.4728
44.472
50.9449
53.4405
43.9969
45.3266
48.0181
53.8639
40.9434
60.792
48.2114
46.8239
59.6463
55.9579
42.9132
43.6498
40.5642
43.1728
48.2344
46.6557
45.1028
40.6992
38.2347
51.1373
45.8351
46.9434
35.2766
48.8881
44.5365
36.1964
44.8789
51.6763
50.3586
53.3054
58.3762
33.4918
45.0869
47.9564
46.4632
43.994
44.7131
45.8378
43.1734
49.1646
48.487
39.8698
44.6074
48.5626
48.8498
52.5704
49.2818
52.0591
54.3269
51.6509
55.9971
52.4315
49.7568
44.9342
51.5821
38.5434
59.4624
49.5142
51.7441
40.7356
41.1809
53.0933
51.81
53.0978
40.4129
39.1944
33.544
56.938
46.1568
52.599
40.0157
60.1309
49.5985
56.2821
42.7725
47.6706
61.6608
48.7583
39.8654
37.0571
58.0953
49.5169
39.1597
60.1118
59.1981
50.1162
43.435
43.996
50.3622
58.1741
51.4687
44.8776
46.1908
46.3747
41.9273
59.433
43.935
48.6904
48.3164
42.8408
44.0655
34.9661
41.5046
50.8238
50.7117
44.7488
41.4649
60.0187
52.9533
51.6716
41.1136
44.0059
30.6526
55.2469
45.6103
52.6091
40.5838
43.644
50.073
52.7414
57.9841
50.2808
54.1942
47.9741
51.5325
38.6008
43.6232
59.6434
41.2655
47.9437
45.484
39.7434
40.2304
47.5022
55.155
41.7042
49.44
47.3337
53.6321
55.124
52.6377
40.3875
56.6948
43.0928
43.0148
42.312
56.8594
43.6496
49.4925
46.8401
44.0738
50.2751
44.9543
36.2134
56.1482
61.9779
48.4481
24.6337
53.5291
49.3287
44.5266
42.2627
56.5751
52.4265
52.8532
34.8243
48.449
52.8618
35.9675
43.4199
41.903
36.5379
54.3279
50.168
66.9834
54.4706
51.3619
42.6495
39.2766
51.9957
44.6739
53.2728
54.9198
48.0095
41.796
58.3015
51.2853
56.2206
49.2442
37.8041
43.065
33.7637
50.5287
28.999
50.4429
43.9373
38.1955
50.8259
45.4353
47.0988
54.3433
36.437
53.981
47.4097
46.3363
42.867
57.7919
49.5628
51.0968
46.567
57.2153
48.4519
44.042
61.198
46.7903
46.9548
36.9295
53.8065
34.024
47.2014
48.6536
55.4119
52.0976
54.1919
53.3301
46.636
53.4835
50.9257
57.4257
47.2421
46.4463
44.3391
47.6643
42.2229
45.3635
49.6597
49.4453
40.4366
55.8871
46.1575
51.681
52.9735
51.6607
38.2249
45.5877
51.7405
58.816
38.2278
52.6056
50.2656
52.39
50.1061
50.2756
53.7688
53.4304
40.219
44.0315
44.7458
45.1735
45.0511
62.5857
36.9069
45.1615
48.8542
57.1544
48.0467
34.4731
33.4407
45.8559
55.7289
50.4936
46.0597
49.2391
39.8734
42.6329
43.6759
37.9347
47.9927
58.4972
36.3516
56.4401
40.6983
43.994
57.994
44.4649
53.6972
51.9951
55.2881
41.452
48.9639
54.0018
53.4874
56.2825
47.9733
50.8706
55.4217
49.6522
48.5345
40.5435
48.0111
50.7632
50.7838
47.1904
52.7364
57.9506
47.1357
42.6971
52.4765
40.5289
53.975
53.1653
61.8481
56.0039
56.0957
56.0017
51.6326
57.3577
43.4599
57.7382
44.3556
47.3951
32.0882
63.5617
62.905
53.6696
36.7389
46.4279
40.812
50.4837
53.5952
53.4971
59.7456
51.0419
54.4273
52.304
49.575
52.3463
44.7061
52.6283
52.7385
45.3618
47.9059
49.047
55.9857
50.5818
50.9656
35.1939
43.0704
49.6302
50.8429
42.2672
44.1427
64.435
42.7327
41.0723
55.9398
47.1436
44.964
58.1228
58.0573
46.011
48.3385
49.3727
52.0028
52.8385
50.7885
49.6014
47.4499
38.9967
49.0197
55.8594
46.2826
61.9048
53.7903
46.2554
48.8337
50.0094
39.2693
53.4497
54.6218
53.0897
45.2282
52.3253
55.756
37.2428
55.8755
46.955
51.2724
42.8611
43.9794
49.7115
39.2555
58.6994
50.14
45.297
41.1006
46.8804
36.6747
51.0214
41.567
42.4225
41.7702
55.1485
41.585
55.4021
47.3702
51.8333
42.7112
45.6139
49.451
48.0613
35.7807
40.4942
54.9943
45.6864
37.0816
51.0787
52.3753
54.3134
55.5389
46.988
49.7604
49.5784
52.0666
49.6622
49.1603
48.8167
62.5511
44.4949
42.1498
45.023
50.9527
50.3037
43.2125
50.1963
49.4621
49.6775
43.375
41.6683
35.7027
44.6121
45.1053
54.5878
51.4858
48.8926
53.4051
46.1985
50.5248
52.183
47.604
53.0018
39.2645
55.4528
45.1275
51.4788
42.81
52.5658
54.7757
46.5331
42.9423
40.651
46.6968
55.9017
58.3873
48.4988
46.6103
37.9336
50.1483
54.9515
44.6773
49.3942
46.8193
45.787
55.5323
46.0934
49.4551
47.5317
48.178
54.0336
52.9042
56.3618
52.0012
48.8638
46.611
35.1406
54.0439
42.7456
49.9726
45.3581
56.7255
46.3114
58.8986
51.3778
59.1753
52.3092
54.3984
41.494
64.1288
50.5137
53.2284
63.145
36.1033
47.228
43.1953
46.7145
56.9429
46.0066
43.9599
48.7858
59.8213
52.3912
53.0638
58.4314
42.2754
41.7009
50.0884
49.8635
40.0866
56.7186
53.1852
52.9595
35.3917
55.9627
50.3448
44.6624
42.509
50.2271
49.7354
54.3274
61.6947
47.2337
45.7717
49.1436
41.1915
44.2591
53.5254
42.1273
37.9798
40.6478
46.0481
48.4738
56.134
57.0289
57.1951
53.5374
54.1494
40.1103
51.6811
61.7021
51.1181
45.8865
50.0269
49.4843
42.3853
50.259
49.4702
45.7163
42.3411
44.363
34.6126
44.3055
49.8956
41.5145
46.5873
50.6069
45.539
45.9725
56.6571
40.642
50.8077
48.1754
52.1927
53.0576
44.4593
45.5669
50.7187
55.1052
38.5684
40.3464
45.1076
48.3768
51.5618
59.4523
47.7955
54.1554
56.3138
38.3237
51.2467
41.1368
42.6697
52.0525
43.4519
36.38
48.0292
50.0541
48.003
60.4833
48.4078
48.9358
53.8703
53.218
42.7149
51.8407
60.5939
46.5627
50.4462
53.2115
40.541
45.9846
43.3293
45.5831
57.1809
47.3402
43.7296
53.8915
28.9786
58.3926
43.6611
53.7774
55.4057
44.3842
38.8766
43.5887
45.0153
44.7348
49.7403
47.8912
49.6559
52.5823
45.8285
