31.0255
29.2331
27.7842
26.4176
25.4312
24.3455
23.729
23.0125
22.3634
21.7917
21.2344
20.7097
20.3484
20.021
19.436
18.9252
18.2503
17.8149
17.4504
16.9541
16.6873
16.3804
16.1372
16.0749
15.8357
15.6467
15.5054
15.1107
14.728
14.5746
14.3355
14.0812
13.8207
13.5043
13.2317
13.0601
12.6343
12.3883
12.0737
12.0378
11.7343
11.6627
11.4242
11.4855
11.4517
11.3731
11.1148
11.1313
11.0931
11.0817
10.9954
11.122
11.0704
10.9486
10.9991
10.7484
10.7313
10.7082
10.4269
10.4183
10.4372
10.3634
10.3507
10.457
10.3027
10.2889
10.3979
10.3432
10.4618
10.4397
10.4775
10.5225
10.4861
10.4607
10.3715
10.4083
10.3931
10.4416
10.3741
10.4352
10.1747
10.4174
10.294
10.4389
10.4555
10.4383
10.3986
10.4574
10.4441
10.2262
10.2956
10.3634
10.2689
10.239
10.0676
10.2198
10.225
10.0477
9.98744
10.1687
10.2348
10.1962
10.0769
10.0319
10.0456
9.98437
10.0116
10.2025
10.1793
10.2852
10.1774
10.2352
10.1005
10.116
10.1673
10.1009
10.0673
10.3247
10.2993
10.2038
10.1968
10.0826
10.0927
10.0129
9.9431
10.0645
10.0599
10.1305
10.2162
10.2531
10.2789
10.3692
10.1546
10.2692
10.479
10.4702
10.4595
10.3765
10.2726
10.2584
10.3067
10.2266
10.0804
10.1393
10.3222
10.3363
10.4295
10.393
10.3025
10.1564
10.3178
10.5364
10.4196
10.4169
10.2588
10.2782
10.3202
10.2264
10.2395
10.2235
10.2579
10.1889
10.174
10.1277
10.0093
10.1682
10.3064
10.1407
10.2281
10.2258
10.1823
10.2119
10.1781
10.2887
10.2279
10.1631
10.3226
10.3484
10.2801
10.2321
10.3178
10.2759
10.3355
10.4485
10.2445
10.1195
10.1847
10.218
10.1441
10.1401
10.1708
10.1163
10.0163
10.0098
10.0072
10.2345
10.0598
10.2677
10.3936
10.3744
10.3069
10.2615
10.3181
10.2101
10.0998
10.1663
9.96945
10.0295
9.91744
10.1054
10.1115
10.095
10.0962
10.1553
10.0307
10.2731
10.3192
10.0943
10.0582
9.97402
9.96988
9.99938
9.97125
9.85588
9.99666
10.2107
10.2806
10.1498
10.2073
10.2978
10.1967
10.1939
10.2061
10.2728
10.3088
10.2853
10.1691
10.0934
10.1562
10.2243
10.0771
10.1101
10.1483
10.3075
10.2986
10.4115
10.338
10.3559
10.1596
10.0969
10.2766
10.2869
10.3248
10.2093
10.2045
10.2313
10.2407
10.3173
10.3347
10.1059
9.94885
10.1479
10.2733
10.1585
10.2017
10.1053
10.0828
10.0696
10.0689
10.1944
10.1724
10.1153
10.232
10.2885
10.3061
10.4089
10.3781
10.4118
10.3077
10.2881
10.2289
10.4207
10.6205
10.4114
10.4062
10.3495
10.4245
10.4578
10.3473
10.295
10.3236
10.3997
10.405
10.4899
10.5408
10.4943
10.6195
10.4563
10.5069
10.3194
