24.1724
24.1709
22.9046
22.552
22.0076
20.5173
20.3326
19.9132
19.7128
19.5125
18.794
17.9477
17.7472
16.7686
16.4146
15.8105
15.4938
15.28
14.7228
14.544
14.544
14.3014
14.1108
14.1108
13.8133
12.9566
12.9566
12.9354
12.5195
12.5195
12.4908
11.8804
11.864
11.4653
10.7995
10.7995
10.7479
10.7479
10.4561
10.4561
10.3938
10.3938
10.3938
10.3589
9.99056
9.9644
9.9644
9.95496
9.80777
9.71873
9.71873
9.66831
9.66831
9.62126
9.60636
9.57085
9.57085
9.57085
9.41165
9.41165
9.41165
9.41165
9.41165
9.3901
9.3901
9.3901
9.3901
9.3901
9.37891
9.37891
9.37891
9.37891
9.37891
9.37891
9.37891
9.37891
9.37891
9.37891
9.37891
9.37891
9.37891
9.37891
9.37891
9.37891
9.37891
9.37891
9.37891
9.29795
9.29795
9.29795
9.29795
9.29795
9.29795
9.29795
9.29795
9.29795
9.29795
9.29795
9.29795
9.29795
9.29795
9.29795
9.29795
9.29795
9.29795
9.29795
9.29795
9.29795
9.29795
9.29795
9.29795
9.29795
9.28297
9.28297
9.28297
9.27331
9.27331
9.27331
9.27331
9.27331
9.27331
9.27331
9.27331
9.27331
9.27331
9.27331
9.27331
9.27331
9.27331
9.27331
9.27331
9.27331
9.27331
9.27331
9.27331
9.27331
9.27331
9.27331
9.27331
9.27331
9.27331
9.27331
9.27331
9.27331
9.27331
9.27331
9.27331
9.27331
9.27331
9.27331
9.27331
9.27331
9.27331
9.27331
9.27331
9.27331
9.27331
9.27331
9.27331
9.27331
9.27331
9.27331
9.27331
9.27331
9.27331
9.27331
9.27331
9.27331
9.27331
9.27331
9.27331
9.27331
9.27331
9.27331
9.27331
9.27331
9.27331
9.27331
9.27331
9.27331
9.27331
9.27331
9.27331
9.27331
9.27331
9.27331
9.27331
9.27331
9.27331
9.27331
9.27331
9.27331
9.27331
9.27331
9.27331
9.27331
9.27331
9.27331
9.27331
9.27331
9.27331
9.27331
9.27331
9.27331
9.27331
9.27331
9.27331
9.27331
9.27331
9.27331
9.27331
9.27331
9.27331
9.27331
9.27331
9.27331
9.27331
9.27331
9.27331
9.27331
9.27331
9.27331
9.27331
9.27331
9.27331
9.27331
9.27331
9.27331
9.27331
9.27331
9.27331
9.27331
9.27331
9.27331
9.27331
9.27331
9.27331
9.27331
9.27331
9.27331
9.27331
9.27331
9.27331
9.27331
9.27331
9.27331
9.27331
9.27331
9.27331
9.27331
9.27331
9.27331
9.27331
9.27331
9.27331
9.27331
9.27331
9.27331
9.27331
9.27331
9.27331
9.27331
9.27331
9.27331
9.27331
9.27331
9.27331
9.27331
9.27331
9.27331
9.27331
9.27331
9.27331
9.27331
9.27331
9.27331
9.27331
9.27331
9.27331
9.27331
9.27331
9.27331
9.27331
9.27331
9.27331
9.27331
9.27331
9.27331
9.27331
9.27331
9.27331
9.27331
9.27331
9.27331
9.27331
9.27331
9.27331
9.27331
9.27331
9.27331
