0 17 30 19 22 3 6 29 31 21 1 20 13 2 15 16 18 28 26 4 24 12 5 27 10 23 9 25 7 8 14 11 9.27331
0 17 30 19 22 3 6 29 31 21 1 20 13 2 15 16 18 28 26 4 24 12 5 27 10 23 9 25 7 8 14 11 9.27331
0 17 30 19 22 3 6 29 31 21 1 20 13 2 15 16 18 28 26 4 24 12 5 27 10 23 9 25 7 8 14 11 9.27331
0 17 30 19 22 3 6 29 31 21 1 20 13 2 15 16 18 28 26 4 24 12 5 27 10 23 9 25 7 8 14 11 9.27331
0 17 30 19 22 3 6 29 31 21 1 20 13 2 15 16 18 28 26 4 24 12 5 27 10 23 9 25 7 8 14 11 9.27331
0 17 30 19 22 3 6 29 31 21 1 20 13 2 15 16 18 28 26 4 24 12 5 27 10 23 9 25 7 8 14 11 9.27331
0 17 30 19 22 3 6 29 31 21 1 20 13 2 15 16 18 28 26 4 24 12 5 27 10 23 9 25 7 8 14 11 9.27331
0 17 30 19 22 3 6 29 31 21 1 20 13 2 15 16 18 28 26 4 24 12 5 27 10 23 9 25 7 8 14 11 9.27331
0 17 30 19 22 3 6 29 31 21 1 20 13 2 15 16 18 28 26 4 24 12 5 27 10 23 9 25 7 8 14 11 9.27331
0 17 30 19 22 3 6 29 31 21 1 20 13 2 15 16 18 28 26 4 24 12 5 27 10 23 9 25 7 8 14 11 9.27331
0 11 14 8 7 25 9 23 10 27 5 12 24 4 26 28 18 16 15 2 13 20 1 21 31 29 6 3 22 19 30 17 9.27331
0 17 30 19 22 3 6 29 31 21 1 20 13 2 15 16 18 28 26 4 24 12 5 27 10 23 9 25 7 8 14 11 9.27331
0 17 30 19 22 3 6 29 31 21 1 20 13 2 15 16 18 28 26 4 24 12 5 27 10 23 9 25 7 8 14 11 9.27331
0 17 30 19 22 3 6 29 31 21 1 20 13 2 15 16 18 28 26 4 24 12 5 27 10 23 9 25 7 8 14 11 9.27331
0 17 30 19 22 3 6 29 31 21 1 20 13 2 15 16 18 28 26 4 24 12 5 27 10 23 9 25 7 8 14 11 9.27331
0 17 30 19 22 3 6 29 31 21 1 20 13 2 15 16 18 28 26 4 24 12 5 27 10 23 9 25 7 8 14 11 9.27331
0 17 30 19 22 3 6 29 31 21 1 20 13 2 15 16 18 28 26 4 24 12 5 27 10 23 9 25 7 8 14 11 9.27331
0 17 30 19 22 3 6 29 31 21 1 20 13 2 15 16 18 28 26 4 24 12 5 27 10 23 9 25 7 8 14 11 9.27331
0 17 30 19 22 3 6 29 31 21 1 20 13 2 15 16 18 28 26 4 24 12 5 27 10 23 9 25 7 8 14 11 9.27331
0 17 30 19 22 3 6 29 31 21 1 20 13 2 15 16 18 28 26 4 24 12 5 27 10 23 9 25 7 8 14 11 9.27331
0 17 30 19 22 3 6 29 31 21 1 20 13 2 15 16 18 28 26 4 24 12 5 27 10 23 9 25 7 8 14 11 9.27331
0 17 30 19 22 3 6 29 31 21 1 20 13 2 15 16 18 28 26 4 24 12 5 27 10 23 9 25 7 8 14 11 9.27331
0 17 30 19 22 3 6 29 31 21 1 20 13 2 15 16 18 28 26 4 24 12 5 27 10 23 9 25 7 8 14 11 9.27331
0 17 30 19 22 3 6 29 31 21 1 20 13 2 15 16 18 28 26 4 24 12 5 27 10 23 9 25 7 8 14 11 9.27331
0 17 30 19 22 3 6 29 31 21 1 20 13 2 15 16 18 28 26 4 24 12 5 27 10 23 9 25 7 8 14 11 9.27331
0 17 30 19 22 3 6 29 31 21 1 20 13 2 15 16 18 28 26 4 24 12 5 27 10 23 9 25 7 8 14 11 9.27331
0 17 30 19 22 3 6 29 31 21 1 20 13 2 15 16 18 28 26 4 24 12 5 27 10 23 9 25 7 8 14 11 9.27331
0 17 30 19 22 3 6 29 31 21 1 20 13 2 15 16 18 28 26 4 24 12 5 27 10 23 9 25 7 8 14 11 9.27331
0 17 30 19 22 3 6 29 31 21 1 20 13 2 15 16 18 28 26 4 24 12 5 27 10 23 9 25 7 8 14 11 9.27331
0 17 30 19 22 3 6 29 31 21 1 20 13 2 15 16 18 28 26 4 24 12 5 27 10 23 9 25 7 8 14 11 9.27331
0 17 30 19 22 3 6 29 31 21 1 20 13 2 15 16 18 28 26 4 24 12 5 27 10 23 9 25 7 8 14 11 9.27331
0 17 30 19 22 3 6 29 31 21 1 20 13 2 15 16 18 28 26 4 24 12 5 27 10 23 9 25 7 8 14 11 9.27331
0 17 30 19 22 3 6 29 31 21 1 20 13 2 15 16 18 28 26 4 24 12 5 27 10 23 9 25 7 8 14 11 9.27331
0 17 30 19 22 3 6 29 31 21 1 20 13 2 15 16 18 28 26 4 24 12 5 27 10 23 9 25 7 8 14 11 9.27331
0 17 30 19 22 3 6 29 31 21 1 20 13 2 15 16 18 28 26 4 24 12 5 27 10 23 9 25 7 8 14 11 9.27331
0 17 30 19 22 3 6 29 31 21 1 20 13 2 15 16 18 28 26 4 24 12 5 27 10 23 9 25 7 8 14 11 9.27331
0 17 30 19 22 3 6 29 31 21 1 20 13 2 15 16 18 28 26 4 24 12 5 27 10 23 9 25 7 8 14 11 9.27331
0 17 30 19 22 3 6 29 31 21 1 20 13 2 15 16 18 28 26 4 24 12 5 27 10 23 9 25 7 8 14 11 9.27331
0 17 30 19 22 3 6 29 31 21 1 20 13 2 15 16 18 28 26 4 24 12 5 27 10 23 9 25 7 8 14 11 9.27331
0 17 30 19 22 3 6 29 31 21 1 20 13 2 15 16 18 28 26 4 24 12 5 27 10 23 9 25 7 8 14 11 9.27331
0 17 30 19 22 3 6 29 31 21 1 20 13 2 15 16 18 28 26 4 24 12 5 27 10 23 9 25 7 8 14 11 9.27331
0 17 30 19 22 3 6 29 31 21 1 20 13 2 15 16 18 28 26 4 24 12 5 27 10 23 9 25 7 8 14 11 9.27331
0 17 30 19 22 3 6 29 31 21 1 20 13 2 15 16 18 28 26 4 24 12 5 27 10 23 9 25 7 8 14 11 9.27331
0 17 30 19 22 3 6 29 31 21 1 20 13 2 15 16 18 28 26 4 24 12 5 27 10 23 9 25 7 8 14 11 9.27331
0 17 30 19 22 3 6 29 31 21 1 20 13 2 15 16 18 28 26 4 24 12 5 27 10 23 9 25 7 8 14 11 9.27331
0 17 30 19 22 3 6 29 31 21 1 20 13 2 15 16 18 28 26 4 24 12 5 27 10 23 9 25 7 8 14 11 9.27331
0 17 30 19 22 3 6 29 31 21 1 20 13 2 15 16 18 28 26 4 24 12 5 27 10 23 9 25 7 8 14 11 9.27331
0 17 30 19 22 3 6 29 31 21 1 20 13 2 15 16 18 28 26 4 24 12 5 27 10 23 9 25 7 8 14 11 9.27331
0 17 30 19 22 3 6 29 31 21 1 20 13 2 15 16 18 28 26 4 24 12 5 27 10 23 9 25 7 8 14 11 9.27331
0 17 30 19 22 3 6 29 31 21 1 20 13 2 15 16 18 28 26 4 24 12 5 27 10 23 9 25 7 8 14 11 9.27331
0 17 30 19 22 3 6 29 31 21 1 20 13 2 15 16 18 28 26 4 24 12 5 27 10 23 9 25 7 8 14 11 9.27331
0 17 30 19 22 3 6 29 31 21 1 20 13 2 15 16 18 28 26 4 24 12 5 27 10 23 9 25 7 8 14 11 9.27331
0 17 30 19 22 3 6 29 31 21 1 20 13 2 15 16 18 28 26 4 24 12 5 27 10 23 9 25 7 8 14 11 9.27331
0 17 30 19 22 3 6 29 31 21 1 20 13 2 15 16 18 28 26 4 24 12 5 27 10 23 9 25 7 8 14 11 9.27331
0 17 30 19 22 3 6 29 31 21 1 20 13 2 15 16 18 28 26 4 24 12 5 27 10 23 9 25 7 8 14 11 9.27331
0 17 30 19 22 3 6 29 31 21 1 20 13 2 15 16 18 28 26 4 24 12 5 27 10 23 9 25 7 8 14 11 9.27331
0 17 30 19 22 3 6 29 31 21 1 20 13 2 15 16 18 28 26 4 24 12 5 27 10 23 9 25 7 8 14 11 9.27331
0 17 30 19 22 3 6 29 31 21 1 20 13 2 15 16 18 28 26 4 24 12 5 27 10 23 9 25 7 8 14 11 9.27331
0 17 30 19 22 3 6 29 31 21 1 20 13 2 15 16 18 28 26 4 24 12 5 27 10 23 9 25 7 8 14 11 9.27331
0 17 30 19 22 3 6 29 31 21 1 20 13 2 15 16 18 28 26 4 24 12 5 27 10 23 9 25 7 8 14 11 9.27331
0 17 30 19 22 3 6 29 31 21 1 20 13 2 15 16 18 28 26 4 24 12 5 27 10 23 9 25 7 8 14 11 9.27331
0 17 30 19 22 3 6 29 31 21 1 20 13 2 15 16 18 28 26 4 24 12 5 27 10 23 9 25 7 8 14 11 9.27331
0 17 30 19 22 3 6 29 31 21 1 20 13 2 15 16 18 28 26 4 24 12 5 27 10 23 9 25 7 8 14 11 9.27331
0 17 30 19 22 3 6 29 31 21 1 20 13 2 15 16 18 28 26 4 24 12 5 27 10 23 9 25 7 8 14 11 9.27331
0 17 30 19 22 3 6 29 31 21 1 20 13 2 15 16 18 28 26 4 24 12 5 27 10 23 9 25 7 8 14 11 9.27331
0 17 30 19 22 3 6 29 31 21 1 20 13 2 15 16 18 28 26 4 24 12 5 27 10 23 9 25 7 8 14 11 9.27331
0 17 30 19 22 3 6 29 31 21 1 20 13 2 15 16 18 28 26 4 24 12 5 27 10 23 9 25 7 8 14 11 9.27331
0 11 14 8 7 25 9 23 10 27 5 12 24 4 26 28 18 16 15 2 13 20 1 21 31 29 6 3 22 19 30 17 9.27331
0 17 30 19 22 3 6 29 31 21 1 20 13 2 15 16 18 28 26 4 24 12 5 27 10 23 9 25 7 8 14 11 9.27331
0 17 30 19 22 3 6 29 31 21 1 20 13 2 15 16 18 28 26 4 24 12 5 27 10 23 9 25 7 8 14 11 9.27331
0 17 30 19 22 3 6 29 31 21 1 20 13 2 15 16 18 28 26 4 24 12 5 27 10 23 9 25 7 8 14 11 9.27331
0 17 30 19 22 3 6 29 31 21 1 20 13 2 15 16 18 28 26 4 24 12 5 27 10 23 9 25 7 8 14 11 9.27331
0 17 30 19 22 3 6 29 31 21 1 20 13 2 15 16 18 28 26 4 24 12 5 27 10 23 9 25 7 8 14 11 9.27331
0 17 30 19 22 3 6 29 31 21 1 20 13 2 15 16 18 28 26 4 24 12 5 27 10 23 9 25 7 8 14 11 9.27331
0 17 30 19 22 3 6 29 31 21 1 20 13 2 15 16 18 28 26 4 24 12 5 27 10 23 9 25 7 8 14 11 9.27331
0 17 30 19 22 3 6 29 31 21 1 20 13 2 15 16 18 28 26 4 24 12 5 27 10 23 9 25 7 8 14 11 9.27331
0 17 30 19 22 3 6 29 31 21 1 20 13 2 15 16 18 28 26 4 24 12 5 27 10 23 9 25 7 8 14 11 9.27331
0 17 30 19 22 3 6 29 31 21 1 20 13 2 15 16 18 28 26 4 24 12 5 27 10 23 9 25 7 8 14 11 9.27331
0 17 30 19 22 3 6 29 31 21 1 20 13 2 15 16 18 28 26 4 24 12 5 27 10 23 9 25 7 8 14 11 9.27331
0 17 30 19 22 3 6 29 31 21 1 20 13 2 15 16 18 28 26 4 24 12 5 27 10 23 9 25 7 8 14 11 9.27331
0 17 30 19 22 3 6 29 31 21 1 20 13 2 15 16 18 28 26 4 24 12 5 27 10 23 9 25 7 8 14 11 9.27331
0 17 30 19 22 3 6 29 31 21 1 20 13 2 15 16 18 28 26 4 24 12 5 27 10 23 9 25 7 8 14 11 9.27331
0 17 30 19 22 3 6 29 31 21 1 20 13 2 15 16 18 28 26 4 24 12 5 27 10 23 9 25 7 8 14 11 9.27331
0 17 30 19 22 3 6 29 31 21 1 20 13 2 15 16 18 28 26 4 24 12 5 27 10 23 9 25 7 8 14 11 9.27331
0 17 30 19 22 3 6 29 31 21 1 20 13 2 15 16 18 28 26 4 24 12 5 27 10 23 9 25 7 8 14 11 9.27331
0 17 30 19 22 3 6 29 31 21 1 20 13 2 15 16 18 28 26 4 24 12 5 27 10 23 9 25 7 8 14 11 9.27331
0 17 30 19 22 3 6 29 31 21 1 20 13 2 15 16 18 28 26 4 24 12 5 27 10 23 9 25 7 8 14 11 9.27331
0 17 30 19 22 3 6 29 31 21 1 20 13 2 15 16 18 28 26 4 24 12 5 27 10 23 9 25 7 8 14 11 9.27331
0 17 30 19 22 3 6 29 31 21 1 20 13 2 15 16 18 28 26 4 24 12 5 27 10 23 9 25 7 8 14 11 9.27331
0 17 30 19 22 3 6 29 31 21 1 20 13 2 15 16 18 28 26 4 24 12 5 27 10 23 9 25 7 8 14 11 9.27331
0 17 30 19 22 3 6 29 31 21 1 20 13 2 15 16 18 28 26 4 24 12 5 27 10 23 9 25 7 8 14 11 9.27331
0 17 30 19 22 3 6 29 31 21 1 20 13 2 15 16 18 28 26 4 24 12 5 27 10 23 9 25 7 8 14 11 9.27331
0 17 30 19 22 3 6 29 31 21 1 20 13 2 15 16 18 28 26 4 24 12 5 27 10 23 9 25 7 8 14 11 9.27331
0 17 30 19 22 3 6 29 31 21 1 20 13 2 15 16 18 28 26 4 24 12 5 27 10 23 9 25 7 8 14 11 9.27331
0 17 30 19 22 3 6 29 31 21 1 20 13 2 15 16 18 28 26 4 24 12 5 27 10 23 9 25 7 8 14 11 9.27331
0 17 30 19 22 3 6 29 31 21 1 20 13 2 15 16 18 28 26 4 24 12 5 27 10 23 9 25 7 8 14 11 9.27331
0 17 30 19 22 3 6 29 31 21 1 20 13 2 15 16 18 28 26 4 24 12 5 27 10 23 9 25 7 8 14 11 9.27331
0 17 30 19 22 3 6 29 31 21 1 20 13 2 15 16 18 28 26 4 24 12 5 27 10 23 9 25 7 8 14 11 9.27331
0 17 30 19 22 3 6 29 31 21 1 20 13 2 15 16 18 28 26 4 24 12 5 27 10 23 9 25 7 8 14 11 9.27331
0 17 30 19 22 3 6 29 31 21 1 20 13 2 15 16 18 28 26 4 24 12 5 27 10 23 9 25 7 8 14 11 9.27331
0 17 30 19 22 3 6 29 31 21 1 20 13 2 15 16 18 28 26 4 24 12 5 27 10 23 9 25 7 8 14 11 9.27331
0 17 30 19 22 3 6 29 31 21 1 20 13 2 15 16 18 28 26 4 24 12 5 27 10 23 9 25 7 8 14 11 9.27331
0 17 30 19 22 3 6 29 31 21 1 20 13 2 15 16 18 28 26 4 24 12 5 27 10 23 9 25 7 8 14 11 9.27331
0 17 30 19 22 3 6 29 31 21 1 20 13 2 15 16 18 28 26 4 24 12 5 27 10 23 9 25 7 8 14 11 9.27331
0 17 30 19 22 3 6 29 31 21 1 20 13 2 15 16 18 28 26 4 24 12 5 27 10 23 9 25 7 8 14 11 9.27331
0 17 30 19 22 3 6 29 31 21 1 20 13 2 15 16 18 28 26 4 24 12 5 27 10 23 9 25 7 8 14 11 9.27331
0 17 30 19 22 3 6 29 31 21 1 20 13 2 15 16 18 28 26 4 24 12 5 27 10 23 9 25 7 8 14 11 9.27331
0 17 30 19 22 3 6 29 31 21 1 20 13 2 15 16 18 28 26 4 24 12 5 27 10 23 9 25 7 8 14 11 9.27331
0 17 30 19 22 3 6 29 31 21 1 20 13 2 15 16 18 28 26 4 24 12 5 27 10 23 9 25 7 8 14 11 9.27331
0 17 30 19 22 3 6 29 31 21 1 20 13 2 15 16 18 28 26 4 24 12 5 27 10 23 9 25 7 8 14 11 9.27331
0 17 30 19 22 3 6 29 31 21 1 20 13 2 15 16 18 28 26 4 24 12 5 27 10 23 9 25 7 8 14 11 9.27331
0 17 30 19 22 3 6 29 31 21 1 20 13 2 15 16 18 28 26 4 24 12 5 27 10 23 9 25 7 8 14 11 9.27331
0 17 30 19 22 3 6 29 31 21 1 20 13 2 15 16 18 28 26 4 24 12 5 27 10 23 9 25 7 8 14 11 9.27331
0 17 30 19 22 3 6 29 31 21 1 20 13 2 15 16 18 28 26 4 24 12 5 27 10 23 9 25 7 8 14 11 9.27331
0 17 30 19 22 3 6 29 31 21 1 20 13 2 15 16 18 28 26 4 24 12 5 27 10 23 9 25 7 8 14 11 9.27331
0 17 30 19 22 3 6 29 31 21 1 20 13 2 15 16 18 28 26 4 24 12 5 27 10 23 9 25 7 8 14 11 9.27331
0 17 30 19 22 3 6 29 31 21 1 20 13 2 15 16 18 28 26 4 24 12 5 27 10 23 9 25 7 8 14 11 9.27331
0 17 30 19 22 3 6 29 31 21 1 20 13 2 15 16 18 28 26 4 24 12 5 27 10 23 9 25 7 8 14 11 9.27331
0 17 30 19 22 3 6 29 31 21 1 20 13 2 15 16 18 28 26 4 24 12 5 27 10 23 9 25 7 8 14 11 9.27331
0 17 30 19 22 3 6 29 31 21 1 20 13 2 15 16 18 28 26 4 24 12 5 27 10 23 9 25 7 8 14 11 9.27331
0 17 30 19 22 3 6 29 31 21 1 20 13 2 15 16 18 28 26 4 24 12 5 27 10 23 9 25 7 8 14 11 9.27331
0 17 30 19 22 3 6 29 31 21 1 20 13 2 15 16 18 28 26 4 24 12 5 27 10 23 9 25 7 8 14 11 9.27331
0 17 30 19 22 3 6 29 31 21 1 20 13 2 15 16 18 28 26 4 24 12 5 27 10 23 9 25 7 8 14 11 9.27331
0 17 30 19 22 3 6 29 31 21 1 20 13 2 15 16 18 28 26 4 24 12 5 27 10 23 9 25 7 8 14 11 9.27331
0 17 30 19 22 3 6 29 31 21 1 20 13 2 15 16 18 28 26 4 24 12 5 27 10 23 9 25 7 8 14 11 9.27331
0 17 30 19 22 3 6 29 31 21 1 20 13 2 15 16 18 28 26 4 24 12 5 27 10 23 9 25 7 8 14 11 9.27331
0 17 30 19 22 3 6 29 31 21 1 20 13 2 15 16 18 28 26 4 24 12 5 27 10 23 9 25 7 8 14 11 9.27331
0 17 30 19 22 3 6 29 31 21 1 20 13 2 15 16 18 28 26 4 24 12 5 27 10 23 9 25 7 8 14 11 9.27331
0 17 30 19 22 3 6 29 31 21 1 20 13 2 15 16 18 28 26 4 24 12 5 27 10 23 9 25 7 8 14 11 9.27331
0 17 30 19 22 3 6 29 31 21 1 20 13 2 15 16 18 28 26 4 24 12 5 27 10 23 9 25 7 8 14 11 9.27331
0 17 30 19 22 3 6 29 31 21 1 20 13 2 15 16 18 28 26 4 24 12 5 27 10 23 9 25 7 8 14 11 9.27331
0 17 30 19 22 3 6 29 31 21 1 20 13 2 15 16 18 28 26 4 24 12 5 27 10 23 9 25 7 8 14 11 9.27331
0 17 30 19 22 3 6 29 31 21 1 20 13 2 15 16 18 28 26 4 24 12 5 27 10 23 9 25 7 8 14 11 9.27331
0 17 30 19 22 3 6 29 31 21 1 20 13 2 15 16 18 28 26 4 24 12 5 27 10 23 9 25 7 8 14 11 9.27331
0 17 30 19 22 3 6 29 31 21 1 20 13 2 15 16 18 28 26 4 24 12 5 27 10 23 9 25 7 8 14 11 9.27331
0 17 30 19 22 3 6 29 31 21 1 20 13 2 15 16 18 28 26 4 24 12 5 27 10 23 9 25 7 8 14 11 9.27331
0 17 30 19 22 3 6 29 31 21 1 20 13 2 15 16 18 28 26 4 24 12 5 27 10 23 9 25 7 8 14 11 9.27331
0 17 30 19 22 3 6 29 31 21 1 20 13 2 15 16 18 28 26 4 24 12 5 27 10 23 9 25 7 8 14 11 9.27331
0 17 30 19 22 3 6 29 31 21 1 20 13 2 15 16 18 28 26 4 24 12 5 27 10 23 9 25 7 8 14 11 9.27331
0 17 30 19 22 3 6 29 31 21 1 20 13 2 15 16 18 28 26 4 24 12 5 27 10 23 9 25 7 8 14 11 9.27331
0 17 30 19 22 3 6 29 31 21 1 20 13 2 15 16 18 28 26 4 24 12 5 27 10 23 9 25 7 8 14 11 9.27331
0 17 30 19 22 3 6 29 31 21 1 20 13 2 15 16 18 28 26 4 24 12 5 27 10 23 9 25 7 8 14 11 9.27331
0 17 30 19 22 3 6 29 31 21 1 20 13 2 15 16 18 28 26 4 24 12 5 27 10 23 9 25 7 8 14 11 9.27331
0 17 30 19 22 3 6 29 31 21 1 20 13 2 15 16 18 28 26 4 24 12 5 27 10 23 9 25 7 8 14 11 9.27331
0 17 30 19 22 3 6 29 31 21 1 20 13 2 15 16 18 28 26 4 24 12 5 27 10 23 9 25 7 8 14 11 9.27331
0 17 30 19 22 3 6 29 31 21 1 20 13 2 15 16 18 28 26 4 24 12 5 27 10 23 9 25 7 8 14 11 9.27331
0 17 30 19 22 3 6 29 31 21 1 20 13 2 15 16 18 28 26 4 24 12 5 27 10 23 9 25 7 8 14 11 9.27331
0 17 30 19 22 3 6 29 31 21 1 20 13 2 15 16 18 28 26 4 24 12 5 27 10 23 9 25 7 8 14 11 9.27331
0 17 30 19 22 3 6 29 31 21 1 20 13 2 15 16 18 28 26 4 24 12 5 27 10 23 9 25 7 8 14 11 9.27331
0 17 30 19 22 3 6 29 31 21 1 20 13 2 15 16 18 28 26 4 24 12 5 27 10 23 9 25 7 8 14 11 9.27331
0 17 30 19 22 3 6 29 31 21 1 20 13 2 15 16 18 28 26 4 24 12 5 27 10 23 9 25 7 8 14 11 9.27331
0 17 30 19 22 3 6 29 31 21 1 20 13 2 15 16 18 28 26 4 24 12 5 27 10 23 9 25 7 8 14 11 9.27331
0 17 30 19 22 3 6 29 31 21 1 20 13 2 15 16 18 28 26 4 24 12 5 27 10 23 9 25 7 8 14 11 9.27331
0 17 30 19 22 3 6 29 31 21 1 20 13 2 15 16 18 28 26 4 24 12 5 27 10 23 9 25 7 8 14 11 9.27331
0 17 30 19 22 3 6 29 31 21 1 20 13 2 15 16 18 28 26 4 24 12 5 27 10 23 9 25 7 8 14 11 9.27331
0 17 30 19 22 3 6 29 31 21 1 20 13 2 15 16 18 28 26 4 24 12 5 27 10 23 9 25 7 8 14 11 9.27331
0 17 30 19 22 3 6 29 31 21 1 20 13 2 15 16 18 28 26 4 24 12 5 27 10 23 9 25 7 8 14 11 9.27331
0 17 30 19 22 3 6 29 31 21 1 20 13 2 15 16 18 28 26 4 24 12 5 27 10 23 9 25 7 8 14 11 9.27331
0 17 30 19 22 3 6 29 31 21 1 20 13 2 15 16 18 28 26 4 24 12 5 27 10 23 9 25 7 8 14 11 9.27331
0 17 30 19 22 3 6 29 31 21 1 20 13 2 15 16 18 28 26 4 24 12 5 27 10 23 9 25 7 8 14 11 9.27331
0 17 30 19 22 3 6 29 31 21 1 20 13 2 15 16 18 28 26 4 24 12 5 27 10 23 9 25 7 8 14 11 9.27331
0 17 30 19 22 3 6 29 31 21 1 20 13 2 15 16 18 28 26 4 24 12 5 27 10 23 9 25 7 8 14 11 9.27331
0 17 30 19 22 3 6 29 31 21 1 20 13 2 15 16 18 28 26 4 24 12 5 27 10 23 9 25 7 8 14 11 9.27331
0 17 30 19 22 3 6 29 31 21 1 20 13 2 15 16 18 28 26 4 24 12 5 27 10 23 9 25 7 8 14 11 9.27331
0 17 30 19 22 3 6 29 31 21 1 20 13 2 15 16 18 28 26 4 24 12 5 27 10 23 9 25 7 8 14 11 9.27331
0 17 30 19 22 3 6 29 31 21 1 20 13 2 15 16 18 28 26 4 24 12 5 27 10 23 9 25 7 8 14 11 9.27331
0 17 30 19 22 3 6 29 31 21 1 20 13 2 15 16 18 28 26 4 24 12 5 27 10 23 9 25 7 8 14 11 9.27331
0 17 30 19 22 3 6 29 31 21 1 20 13 2 15 16 18 28 26 4 24 12 5 27 10 23 9 25 7 8 14 11 9.27331
0 17 30 19 22 3 6 29 31 21 1 20 13 2 15 16 18 28 26 4 24 12 5 27 10 23 9 25 7 8 14 11 9.27331
0 17 30 19 22 3 6 29 31 21 1 20 13 2 15 16 18 28 26 4 24 12 5 27 10 23 9 25 7 8 14 11 9.27331
0 17 30 19 22 3 6 29 31 21 1 20 13 2 15 16 18 28 26 4 24 12 5 27 10 23 9 25 7 8 14 11 9.27331
0 17 30 19 22 3 6 29 31 21 1 20 13 2 15 16 18 28 26 4 24 12 5 27 10 23 9 25 7 8 14 11 9.27331
0 17 30 19 22 3 6 29 31 21 1 20 13 2 15 16 18 28 26 4 24 12 5 27 10 23 9 25 7 8 14 11 9.27331
0 17 30 19 22 3 6 29 31 21 1 20 13 2 15 16 18 28 26 4 24 12 5 27 10 23 9 25 7 8 14 11 9.27331
0 17 30 19 22 3 6 29 31 21 1 20 13 2 15 16 18 28 26 4 24 12 5 27 10 23 9 25 7 8 14 11 9.27331
0 17 30 19 22 3 6 29 31 21 1 20 13 2 15 16 18 28 26 4 24 12 5 27 10 23 9 25 7 8 14 11 9.27331
0 17 30 19 22 3 6 29 31 21 1 20 13 2 15 16 18 28 26 4 24 12 5 27 10 23 9 25 7 8 14 11 9.27331
0 17 30 19 22 3 6 29 31 21 1 20 13 2 15 16 18 28 26 4 24 12 5 27 10 23 9 25 7 8 14 11 9.27331
0 17 30 19 22 3 6 29 31 21 1 20 13 2 15 16 18 28 26 4 24 12 5 27 10 23 9 25 7 8 14 11 9.27331
0 17 30 19 22 3 6 29 31 21 1 20 13 2 15 16 18 28 26 4 24 12 5 27 10 23 9 25 7 8 14 11 9.27331
0 17 30 19 22 3 6 29 31 21 1 20 13 2 15 16 18 28 26 4 24 12 5 27 10 23 9 25 7 8 14 11 9.27331
0 17 30 19 22 3 6 29 31 21 1 20 13 2 15 16 18 28 26 4 24 12 5 27 10 23 9 25 7 8 14 11 9.27331
0 17 30 19 22 3 6 29 31 21 1 20 13 2 15 16 18 28 26 4 24 12 5 27 10 23 9 25 7 8 14 11 9.27331
0 17 30 19 22 3 6 29 31 21 1 20 13 2 15 16 18 28 26 4 24 12 5 27 10 23 9 25 7 8 14 11 9.27331
0 17 30 19 22 3 6 29 31 21 1 20 13 2 15 16 18 28 26 4 24 12 5 27 10 23 9 25 7 8 14 11 9.27331
0 17 30 19 22 3 6 29 31 21 1 20 13 2 15 16 18 28 26 4 24 12 5 27 10 23 9 25 7 8 14 11 9.27331
0 17 30 19 22 3 6 29 31 21 1 20 13 2 15 16 18 28 26 4 24 12 5 27 10 23 9 25 7 8 14 11 9.27331
0 17 30 19 22 3 6 29 31 21 1 20 13 2 15 16 18 28 26 4 24 12 5 27 10 23 9 25 7 8 14 11 9.27331
0 17 30 19 22 3 6 29 31 21 1 20 13 2 15 16 18 28 26 4 24 12 5 27 10 23 9 25 7 8 14 11 9.27331
0 17 30 19 22 3 6 29 31 21 1 20 13 2 15 16 18 28 26 4 24 12 5 27 10 23 9 25 7 8 14 11 9.27331
0 17 30 19 22 3 6 29 31 21 1 20 13 2 15 16 18 28 26 4 24 12 5 27 10 23 9 25 7 8 14 11 9.27331
0 17 30 19 22 3 6 29 31 21 1 20 13 2 15 16 18 28 26 4 24 12 5 27 10 23 9 25 7 8 14 11 9.27331
0 17 30 19 22 3 6 29 31 21 1 20 13 2 15 16 18 28 26 4 24 12 5 27 10 23 9 25 7 8 14 11 9.27331
0 17 30 19 22 3 6 29 31 21 1 20 13 2 15 16 18 28 26 4 24 12 5 27 10 23 9 25 7 8 14 11 9.27331
0 17 30 19 22 3 6 29 31 21 1 20 13 2 15 16 18 28 26 4 24 12 5 27 10 23 9 25 7 8 14 11 9.27331
0 17 30 19 22 3 6 29 31 21 1 20 13 2 15 16 18 28 26 4 24 12 5 27 10 23 9 25 7 8 14 11 9.27331
0 17 30 19 22 3 6 29 31 21 1 20 13 2 15 16 18 28 26 4 24 12 5 27 10 23 9 25 7 8 14 11 9.27331
0 17 30 19 22 3 6 29 31 21 1 20 13 2 15 16 18 28 26 4 24 12 5 27 10 23 9 25 7 8 14 11 9.27331
0 17 30 19 22 3 6 29 31 21 1 20 13 2 15 16 18 28 26 4 24 12 5 27 10 23 9 25 7 8 14 11 9.27331
0 17 30 19 22 3 6 29 31 21 1 20 13 2 15 16 18 28 26 4 24 12 5 27 10 23 9 25 7 8 14 11 9.27331
0 17 30 19 22 3 6 29 31 21 1 20 13 2 15 16 18 28 26 4 24 12 5 27 10 23 9 25 7 8 14 11 9.27331
0 17 30 19 22 3 6 29 31 21 1 20 13 2 15 16 18 28 26 4 24 12 5 27 10 23 9 25 7 8 14 11 9.27331
0 17 30 19 22 3 6 29 31 21 1 20 13 2 15 16 18 28 26 4 24 12 5 27 10 23 9 25 7 8 14 11 9.27331
0 17 30 19 22 3 6 29 31 21 1 20 13 2 15 16 18 28 26 4 24 12 5 27 10 23 9 25 7 8 14 11 9.27331
0 17 30 19 22 3 6 29 31 21 1 20 13 2 15 16 18 28 26 4 24 12 5 27 10 23 9 25 7 8 14 11 9.27331
0 17 30 19 22 3 6 29 31 21 1 20 13 2 15 16 18 28 26 4 24 12 5 27 10 23 9 25 7 8 14 11 9.27331
0 17 30 19 22 3 6 29 31 21 1 20 13 2 15 16 18 28 26 4 24 12 5 27 10 23 9 25 7 8 14 11 9.27331
0 17 30 19 22 3 6 29 31 21 1 20 13 2 15 16 18 28 26 4 24 12 5 27 10 23 9 25 7 8 14 11 9.27331
0 17 30 19 22 3 6 29 31 21 1 20 13 2 15 16 18 28 26 4 24 12 5 27 10 23 9 25 7 8 14 11 9.27331
0 17 30 19 22 3 6 29 31 21 1 20 13 2 15 16 18 28 26 4 24 12 5 27 10 23 9 25 7 8 14 11 9.27331
0 17 30 19 22 3 6 29 31 21 1 20 13 2 15 16 18 28 26 4 24 12 5 27 10 23 9 25 7 8 14 11 9.27331
0 17 30 19 22 3 6 29 31 21 1 20 13 2 15 16 18 28 26 4 24 12 5 27 10 23 9 25 7 8 14 11 9.27331
0 17 30 19 22 3 6 29 31 21 1 20 13 2 15 16 18 28 26 4 24 12 5 27 10 23 9 25 7 8 14 11 9.27331
0 17 30 19 22 3 6 29 31 21 1 20 13 2 15 16 18 28 26 4 24 12 5 27 10 23 9 25 7 8 14 11 9.27331
0 17 30 19 22 3 6 29 31 21 1 20 13 2 15 16 18 28 26 4 24 12 5 27 10 23 9 25 7 8 14 11 9.27331
0 17 30 19 22 3 6 29 31 21 1 20 13 2 15 16 18 28 26 4 24 12 5 27 10 23 9 25 7 8 14 11 9.27331
0 17 30 19 22 3 6 29 31 21 1 20 13 2 15 16 18 28 26 4 24 12 5 27 10 23 9 25 7 8 14 11 9.27331
0 17 30 19 22 3 6 29 31 21 1 20 13 2 15 16 18 28 26 4 24 12 5 27 10 23 9 25 7 8 14 11 9.27331
0 17 30 19 22 3 6 29 31 21 1 20 13 2 15 16 18 28 26 4 24 12 5 27 10 23 9 25 7 8 14 11 9.27331
0 17 30 19 22 3 6 29 31 21 1 20 13 2 15 16 18 28 26 4 24 12 5 27 10 23 9 25 7 8 14 11 9.27331
0 17 30 19 22 3 6 29 31 21 1 20 13 2 15 16 18 28 26 4 24 12 5 27 10 23 9 25 7 8 14 11 9.27331
0 17 30 19 22 3 6 29 31 21 1 20 13 2 15 16 18 28 26 4 24 12 5 27 10 23 9 25 7 8 14 11 9.27331
0 17 30 19 22 3 6 29 31 21 1 20 13 2 15 16 18 28 26 4 24 12 5 27 10 23 9 25 7 8 14 11 9.27331
0 17 30 19 22 3 6 29 31 21 1 20 13 2 15 16 18 28 26 4 24 12 5 27 10 23 9 25 7 8 14 11 9.27331
0 17 30 19 22 3 6 29 31 21 1 20 13 2 15 16 18 28 26 4 24 12 5 27 10 23 9 25 7 8 14 11 9.27331
0 17 30 19 22 3 6 29 31 21 1 20 13 2 15 16 18 28 26 4 24 12 5 27 10 23 9 25 7 8 14 11 9.27331
0 17 30 19 22 3 6 29 31 21 1 20 13 2 15 16 18 28 26 4 24 12 5 27 10 23 9 25 7 8 14 11 9.27331
0 17 30 19 22 3 6 29 31 21 1 20 13 2 15 16 18 28 26 4 24 12 5 27 10 23 9 25 7 8 14 11 9.27331
0 17 30 19 22 3 6 29 31 21 1 20 13 2 15 16 18 28 26 4 24 12 5 27 10 23 9 25 7 8 14 11 9.27331
0 17 30 19 22 3 6 29 31 21 1 20 13 2 15 16 18 28 26 4 24 12 5 27 10 23 9 25 7 8 14 11 9.27331
0 11 14 8 7 25 9 23 10 27 5 12 24 4 26 28 18 16 15 2 13 20 1 21 31 29 6 3 22 19 30 17 9.27331
0 17 30 19 22 3 6 29 31 21 1 20 13 2 15 16 18 28 26 4 24 12 5 27 10 23 9 25 7 8 14 11 9.27331
0 17 30 19 22 3 6 29 31 21 1 20 13 2 15 16 18 28 26 4 24 12 5 27 10 23 9 25 7 8 14 11 9.27331
0 17 30 19 22 3 6 29 31 21 1 20 13 2 15 16 18 28 26 4 24 12 5 27 10 23 9 25 7 8 14 11 9.27331
0 17 30 19 22 3 6 29 31 21 1 20 13 2 15 16 18 28 26 4 24 12 5 27 10 23 9 25 7 8 14 11 9.27331
0 17 30 19 22 3 6 29 31 21 1 20 13 2 15 16 18 28 26 4 24 12 5 27 10 23 9 25 7 8 14 11 9.27331
0 17 30 19 22 3 6 29 31 21 1 20 13 2 15 16 18 28 26 4 24 12 5 27 10 23 9 25 7 8 14 11 9.27331
0 17 30 19 22 3 6 29 31 21 1 20 13 2 15 16 18 28 26 4 24 12 5 27 10 23 9 25 7 8 14 11 9.27331
0 17 30 19 22 3 6 29 31 21 1 20 13 2 15 16 18 28 26 4 24 12 5 27 10 23 9 25 7 8 14 11 9.27331
0 17 30 19 22 3 6 29 31 21 1 20 13 2 15 16 18 28 26 4 24 12 5 27 10 23 9 25 7 8 14 11 9.27331
0 17 30 19 22 3 6 29 31 21 1 20 13 15 2 16 18 28 26 4 24 12 5 27 10 23 9 25 7 8 14 11 9.28978
0 17 11 14 8 7 25 9 23 10 27 5 12 24 4 26 28 18 16 15 2 13 20 1 21 31 29 6 3 22 19 30 9.35355
0 17 30 19 22 3 6 29 31 21 1 20 13 2 15 16 18 28 26 4 24 12 5 27 10 23 9 25 7 8 11 14 9.44785
0 11 14 25 7 8 9 23 10 27 5 12 24 4 26 28 18 16 15 2 13 20 1 21 31 29 6 3 22 19 30 17 9.51216
0 17 30 19 22 3 6 29 31 21 1 20 13 2 15 16 18 28 26 4 24 12 5 27 10 23 9 8 7 25 14 11 9.51216
0 17 30 19 22 3 6 29 31 21 1 20 13 2 15 16 18 28 26 4 24 12 5 27 10 23 7 25 9 8 14 11 9.5258
0 17 30 19 22 3 6 29 31 21 1 20 13 2 15 16 18 28 26 4 24 12 5 27 10 8 7 23 9 25 14 11 9.56752
0 17 30 19 22 3 6 29 31 21 1 20 13 2 15 16 18 28 26 4 24 12 5 27 10 25 9 23 7 8 14 11 9.59291
0 17 30 19 22 3 6 29 31 21 1 20 13 2 15 16 18 28 26 4 24 12 5 27 10 25 9 23 7 8 14 11 9.59291
0 17 30 8 7 25 9 23 10 27 5 12 24 4 26 28 18 16 15 2 13 20 1 21 31 29 6 3 22 19 14 11 9.59739
0 17 30 8 7 25 9 23 10 27 5 12 24 4 26 28 18 16 15 2 13 20 1 21 31 29 6 3 22 19 14 11 9.59739
0 17 14 8 7 25 9 23 10 27 5 12 24 4 26 28 18 16 15 2 13 20 1 21 31 29 6 3 22 19 30 11 9.66098
0 17 14 8 7 25 9 23 10 27 5 12 24 4 26 28 18 16 15 2 13 20 1 21 31 29 6 3 22 19 30 11 9.66098
0 17 30 19 22 3 6 29 31 21 1 20 13 2 15 16 18 28 26 4 24 12 5 27 8 7 10 23 9 25 14 11 9.66483
0 17 30 19 22 3 6 29 31 21 1 20 13 2 15 16 18 28 26 4 24 12 5 27 10 7 23 9 25 8 14 11 9.6705
0 17 14 8 7 25 9 23 10 27 5 12 24 4 26 28 18 16 15 2 13 20 1 21 31 6 29 3 22 19 30 11 9.67064
0 17 30 19 22 3 6 29 31 1 21 20 13 2 15 16 18 28 26 4 24 12 5 27 10 23 9 25 7 8 14 11 9.67737
0 17 30 19 6 3 22 29 31 21 1 20 13 2 15 16 18 28 26 4 24 12 5 27 10 23 9 25 7 8 14 11 9.67819
0 17 30 19 22 3 31 21 6 29 1 20 13 2 15 16 18 28 26 4 24 12 5 27 10 23 9 25 7 8 14 11 9.68648
0 11 17 30 19 22 3 6 29 31 21 1 20 13 2 15 16 18 28 26 4 24 12 5 27 10 23 9 25 7 8 14 9.69867
0 11 17 30 19 22 3 6 29 31 21 1 20 13 2 15 16 18 28 26 4 24 12 5 27 10 23 9 25 7 8 14 9.69867
0 11 17 30 19 22 3 6 29 31 21 1 20 13 2 15 16 18 28 26 4 24 12 5 27 10 23 9 25 7 8 14 9.69867
0 14 8 7 25 9 23 10 27 5 12 24 4 26 28 18 16 15 2 13 20 1 21 31 29 6 3 22 19 30 17 11 9.69867
0 14 8 7 25 9 23 10 27 5 12 24 4 26 28 18 16 15 2 13 20 1 21 31 29 6 3 22 19 30 17 11 9.69867
0 17 30 19 22 3 6 29 31 21 1 20 13 16 15 2 18 28 26 4 24 12 5 27 10 23 9 25 7 8 14 11 9.70336
0 17 30 19 22 3 6 29 31 21 1 20 13 2 15 16 18 28 26 4 24 5 12 27 10 23 9 25 7 8 14 11 9.73412
0 17 30 19 22 3 6 29 31 21 1 20 13 2 15 16 18 28 4 26 24 12 5 27 10 23 9 25 7 8 14 11 9.74473
0 17 30 19 22 3 6 29 31 21 1 20 13 2 15 16 18 28 4 26 24 12 5 27 10 23 9 25 7 8 14 11 9.74473
0 17 30 19 22 3 6 29 31 21 1 20 13 2 15 16 18 28 26 4 24 12 27 5 10 23 9 25 7 8 14 11 9.75444
0 8 7 25 9 23 10 27 5 12 24 4 26 28 18 16 15 2 13 20 1 21 31 29 6 3 22 19 30 17 14 11 9.77579
0 8 7 25 9 23 10 27 5 12 24 4 26 28 18 16 15 2 13 20 1 21 31 29 6 3 22 19 30 17 14 11 9.77579
0 17 30 19 22 3 6 29 31 21 1 20 13 2 8 15 16 18 28 26 4 24 12 5 27 10 23 9 25 7 14 11 9.88444
0 17 30 19 22 3 6 29 31 21 1 20 13 2 15 16 18 28 26 4 24 12 5 10 27 23 9 25 7 8 14 11 9.95539
0 17 30 19 22 3 6 21 31 29 1 20 13 2 15 16 18 28 26 4 24 12 5 27 10 23 9 25 7 8 14 11 10.024
0 17 30 19 22 3 6 29 31 21 1 15 2 13 20 16 18 28 26 4 24 12 5 27 10 23 9 25 7 8 14 11 10.035
0 17 30 3 22 19 6 29 31 21 1 20 13 2 15 16 18 28 26 4 24 12 5 27 10 23 9 25 7 8 14 11 10.0352
0 17 30 19 22 3 6 29 31 21 1 20 13 2 15 16 18 28 26 4 24 12 5 27 8 7 25 9 23 10 14 11 10.0848
0 17 30 19 22 3 6 29 31 21 1 20 13 2 15 16 18 28 26 4 24 12 5 27 8 7 25 9 23 10 14 11 10.0848
0 17 30 19 22 3 6 29 31 21 1 20 7 25 9 23 10 27 5 12 24 4 26 28 18 16 15 2 13 8 14 11 10.087
0 17 30 19 22 3 21 1 31 6 29 20 13 2 15 16 18 28 26 4 24 12 5 27 10 23 9 25 7 8 14 11 10.1373
0 17 30 19 22 3 6 29 31 21 1 20 13 2 15 16 18 28 26 4 24 12 5 27 10 23 9 25 11 14 8 7 10.1592
0 17 30 19 3 22 6 21 29 31 1 20 13 2 15 16 18 28 26 4 24 12 5 27 10 23 9 25 7 8 14 11 10.1832
0 17 30 19 22 3 6 29 31 21 1 20 13 2 15 12 18 28 26 4 24 16 5 27 10 23 9 25 7 8 14 11 10.1908
0 17 30 19 22 3 6 29 31 21 1 20 13 2 15 12 18 28 26 4 24 16 5 27 10 23 9 25 7 8 14 11 10.1908
0 17 30 19 22 3 6 29 31 21 1 20 13 2 15 16 18 28 26 4 24 12 5 27 10 23 9 25 14 8 7 11 10.1998
0 17 30 20 1 21 31 29 6 3 22 19 13 2 15 16 18 28 26 4 24 12 5 27 10 23 9 25 7 8 14 11 10.265
0 17 30 19 22 3 6 29 31 21 1 20 13 8 15 16 2 18 28 26 4 24 12 5 27 10 23 9 25 7 14 11 10.2833
0 25 9 23 10 27 5 12 24 4 26 28 18 16 15 2 13 20 1 21 31 29 6 3 22 19 30 17 7 8 14 11 10.2889
0 17 30 19 8 7 25 9 23 10 27 5 12 24 4 26 28 18 16 15 2 13 20 1 21 31 29 6 3 22 14 11 10.2971
0 17 30 25 9 23 10 27 5 12 24 4 26 28 18 16 15 2 13 20 1 21 31 29 6 3 22 19 7 8 14 11 10.3028
0 17 30 19 22 3 6 29 31 21 1 20 13 2 15 16 8 7 25 9 23 10 27 5 12 24 4 26 28 18 14 11 10.3141
0 17 30 19 22 3 6 29 31 21 1 20 13 2 12 16 18 28 26 4 24 15 5 27 10 23 9 25 7 8 14 11 10.3185
0 17 30 19 22 3 6 29 31 21 1 20 13 2 15 16 18 28 26 4 24 12 23 10 27 5 9 25 7 8 14 11 10.3284
0 17 30 19 22 3 6 29 31 21 1 20 13 2 15 16 18 28 26 4 24 12 5 27 10 23 9 25 7 14 8 11 10.3419
0 17 30 19 22 3 6 29 31 21 1 20 13 2 15 16 18 28 26 4 24 12 5 27 10 23 9 25 7 14 8 11 10.3419
0 17 30 19 22 3 6 29 31 21 1 20 13 2 15 16 18 28 26 4 24 12 5 27 10 23 9 25 7 14 8 11 10.3419
0 17 30 19 22 3 6 29 31 21 1 20 13 2 8 15 16 4 26 28 18 24 12 5 27 10 23 9 25 7 14 11 10.3447
0 17 30 19 22 3 6 29 31 21 1 20 13 2 15 16 18 28 26 4 24 12 5 27 25 7 8 10 23 9 14 11 10.386
0 17 30 19 22 3 6 29 31 21 1 20 13 2 15 16 18 28 26 4 24 12 5 27 10 23 9 25 7 11 14 8 10.4031
0 17 30 19 22 3 6 29 31 21 1 20 13 2 15 16 18 28 26 4 24 12 5 27 10 23 9 25 7 11 14 8 10.4031
0 17 30 19 22 3 6 29 31 21 1 20 13 2 15 16 18 28 26 4 24 12 25 9 23 10 27 5 8 7 14 11 10.4038
0 17 30 19 22 3 6 29 31 21 1 8 7 25 9 23 10 27 5 12 24 4 26 28 18 16 15 2 13 20 14 11 10.4355
0 17 30 19 22 3 6 29 31 21 1 20 13 2 15 16 8 18 28 26 4 24 12 5 27 10 23 9 25 7 14 11 10.4499
0 17 30 19 22 3 6 29 31 21 1 20 13 2 15 16 18 28 26 4 24 12 5 27 10 23 9 11 25 7 8 14 10.5027
0 17 30 14 22 3 6 29 31 21 1 20 13 2 15 16 18 28 26 4 24 12 5 27 10 23 9 25 7 8 19 11 10.536
0 17 30 19 22 3 6 29 31 21 1 20 13 2 15 16 18 28 26 4 24 12 5 27 23 25 9 7 8 10 11 14 10.5663
0 17 30 19 22 1 6 29 31 21 3 20 13 2 15 16 18 28 26 4 24 12 5 27 10 23 9 25 7 8 14 11 10.5737
0 17 30 19 22 3 6 29 31 21 1 20 13 2 15 16 18 28 26 4 24 12 5 9 23 10 27 25 7 8 14 11 10.5823
0 17 30 19 22 3 6 29 31 21 1 20 13 2 15 16 18 28 26 4 24 12 5 8 9 25 23 27 10 7 14 11 10.5837
0 17 30 19 22 3 6 29 31 21 1 20 13 2 15 16 18 28 26 4 24 12 9 25 7 8 5 27 10 23 14 11 10.6289
0 17 14 8 7 30 19 22 3 6 29 31 21 1 20 13 2 15 16 18 28 26 4 24 12 5 27 10 23 9 25 11 10.6598
0 17 7 25 9 23 10 27 5 12 24 4 26 28 18 16 15 2 13 20 1 21 31 29 6 3 22 19 30 8 14 11 10.6816
0 17 30 19 22 3 6 29 31 21 14 8 7 25 9 23 10 27 5 12 24 4 26 28 18 16 15 2 13 20 1 11 10.7078
0 17 30 19 22 3 6 29 31 14 8 7 25 9 23 10 27 5 12 24 4 26 28 18 16 15 2 13 20 1 21 11 10.7153
0 17 30 19 22 3 6 29 31 21 1 20 27 5 12 24 4 26 28 18 16 15 2 13 10 23 9 25 7 8 14 11 10.7429
0 17 30 19 22 3 6 29 31 21 1 20 27 5 12 24 4 26 28 18 16 15 2 13 10 23 9 25 7 8 14 11 10.7429
0 17 30 19 22 3 6 29 31 21 1 20 13 2 15 16 18 28 26 4 24 25 9 23 10 27 5 12 7 8 14 11 10.7535
0 17 30 8 15 2 13 1 19 22 3 6 29 31 21 20 16 18 28 26 4 24 12 5 27 10 23 9 25 7 14 11 10.756
0 17 30 19 22 3 6 29 31 21 1 20 13 2 5 27 15 16 18 28 26 4 24 12 10 23 9 25 7 8 14 11 10.7574
0 17 30 19 13 20 1 21 31 22 3 6 29 2 15 16 18 28 26 4 24 12 5 27 10 23 9 25 7 8 14 11 10.7733
0 17 30 19 22 3 6 29 31 21 1 20 12 2 15 16 18 28 26 4 24 13 5 27 10 23 9 25 7 8 14 11 10.7758
0 11 14 8 7 25 9 17 30 19 22 3 6 29 31 21 1 20 13 2 15 16 18 28 26 4 24 12 5 27 10 23 10.7879
0 17 30 19 22 3 6 29 31 21 1 20 13 2 15 16 18 28 26 4 24 12 5 27 10 8 14 25 7 23 9 11 10.8038
0 17 30 19 22 3 6 29 31 11 21 1 20 13 2 15 16 18 28 26 4 24 12 5 27 10 23 9 25 7 8 14 10.8215
0 17 30 19 22 3 6 29 31 11 21 1 20 13 2 15 16 18 28 26 4 24 12 5 27 10 23 9 25 7 8 14 10.8215
0 17 30 19 22 3 6 29 31 21 1 20 13 2 15 16 18 28 26 4 24 10 12 5 27 23 9 25 7 8 14 11 10.8302
0 17 30 19 22 3 6 29 31 21 11 1 20 13 2 15 16 18 28 26 4 24 12 5 27 10 23 9 25 7 8 14 10.8347
0 17 30 19 22 3 6 29 31 21 11 1 20 13 2 15 16 18 28 26 4 24 12 5 27 10 23 9 25 7 8 14 10.8347
0 17 30 19 22 3 6 29 31 21 1 20 13 2 15 28 18 16 26 4 24 12 5 27 10 23 9 25 8 7 14 11 10.8801
0 17 23 10 27 5 12 24 4 26 28 18 16 15 2 13 20 1 21 31 29 6 3 22 19 30 9 25 7 8 14 11 10.8847
0 17 30 19 22 3 6 29 31 21 1 20 28 26 4 24 18 13 2 15 16 12 5 27 10 23 9 25 7 8 14 11 10.896
0 17 30 19 22 3 6 29 31 21 1 20 13 2 15 16 18 28 26 4 24 12 5 27 10 23 14 25 7 8 9 11 10.9385
0 17 30 16 15 2 13 20 1 21 31 29 6 3 22 19 18 28 26 4 24 12 5 27 10 23 9 25 7 8 14 11 10.9392
0 17 30 19 22 3 6 29 31 21 16 18 28 26 4 1 20 13 2 15 24 12 5 27 10 23 9 25 7 8 14 11 10.9436
0 17 30 19 22 3 6 29 31 21 1 20 13 2 15 24 7 25 9 23 10 27 5 12 4 26 28 18 16 8 14 11 10.9628
0 17 30 8 7 25 9 23 10 27 5 12 24 4 26 28 18 16 15 2 11 19 22 3 6 29 31 21 1 20 13 14 10.9762
0 17 30 19 22 3 6 29 31 21 1 20 13 2 15 16 18 28 26 4 24 10 23 27 12 5 9 25 7 8 14 11 11.0337
0 17 30 19 22 3 6 29 31 21 1 20 13 2 11 15 16 18 28 26 4 24 12 5 27 10 23 9 25 7 8 14 11.0366
0 17 30 19 22 3 6 29 31 21 1 20 13 2 8 5 27 15 16 18 28 26 4 24 12 10 23 9 25 7 14 11 11.0437
0 17 30 19 22 3 6 29 31 21 1 20 13 2 15 16 18 28 26 4 24 25 9 23 10 12 5 27 7 8 14 11 11.1381
0 17 30 19 22 3 6 29 31 21 1 20 13 2 15 16 18 28 26 4 24 27 5 12 10 23 9 25 7 14 8 11 11.1504
0 17 7 25 9 23 10 27 5 12 24 4 26 28 18 16 15 2 30 19 22 3 6 29 31 21 1 20 13 8 14 11 11.1559
0 11 17 30 19 22 3 6 29 31 21 1 20 27 5 12 24 4 26 28 18 16 15 2 13 10 23 9 25 7 8 14 11.1683
0 17 30 19 22 3 6 29 31 21 1 20 13 2 7 16 18 28 26 4 24 12 5 27 10 23 9 25 15 8 14 11 11.1811
0 16 18 28 26 4 24 12 5 27 10 23 9 25 7 17 30 19 22 3 6 29 31 21 1 20 13 2 15 8 14 11 11.1961
0 16 18 28 26 4 24 12 5 27 10 23 9 25 7 17 30 19 22 3 6 29 31 21 1 20 13 2 15 8 14 11 11.1961
0 16 18 28 26 4 24 12 5 27 10 23 9 25 7 17 30 19 22 3 6 29 31 21 1 20 13 2 15 8 14 11 11.1961
0 16 18 28 26 4 24 12 5 27 10 23 9 25 7 17 30 19 22 3 6 29 31 21 1 20 13 2 15 8 14 11 11.1961
0 17 30 19 22 3 6 29 31 21 1 20 13 2 15 16 18 28 26 4 24 12 5 27 10 14 11 9 8 23 7 25 11.221
0 11 14 8 7 25 9 23 17 30 19 22 3 6 29 31 21 1 20 13 2 15 16 18 28 26 4 24 12 5 27 10 11.2258
0 17 30 19 22 3 6 29 31 21 1 20 13 2 15 16 18 28 26 4 24 12 5 27 10 23 9 25 11 8 14 7 11.2278
0 17 30 19 22 3 6 29 31 21 1 20 13 2 15 16 18 28 26 4 24 12 5 27 10 23 9 25 11 8 14 7 11.2278
0 17 30 19 22 3 6 29 31 21 1 20 13 2 15 16 18 28 26 4 24 8 5 27 10 23 9 25 7 12 14 11 11.2306
0 17 30 19 22 3 6 29 31 21 15 20 13 2 1 16 18 28 26 4 24 12 5 27 10 23 9 25 7 8 14 11 11.2353
0 17 30 19 22 3 6 29 31 21 1 18 13 2 15 16 20 28 26 4 24 12 5 27 10 23 9 25 7 8 14 11 11.2402
0 17 30 19 22 3 6 29 31 21 1 20 13 2 15 16 18 28 26 8 7 25 9 23 10 27 5 12 24 4 14 11 11.2472
0 17 7 25 9 23 10 27 5 12 24 4 26 28 18 16 8 30 19 22 3 6 29 31 21 1 20 13 2 15 14 11 11.2684
0 17 30 19 22 3 6 29 31 21 1 20 13 2 15 16 18 28 26 4 24 12 5 27 14 8 7 25 9 23 10 11 11.2747
0 17 30 19 22 3 6 29 31 21 1 20 13 2 15 16 18 28 26 4 24 12 5 27 25 9 11 14 8 23 10 7 11.2976
0 17 15 2 13 20 1 21 31 29 6 3 22 19 30 16 18 28 26 4 24 12 5 27 10 23 9 25 7 8 14 11 11.3307
0 17 30 19 22 3 6 29 31 21 1 28 18 16 15 2 13 20 26 4 24 12 5 27 10 23 9 25 7 8 14 11 11.3324
0 17 30 19 22 3 6 29 31 13 20 1 16 2 15 21 18 28 26 4 24 12 5 27 10 23 9 25 7 8 14 11 11.3549
0 17 30 19 22 3 6 29 31 21 20 5 12 24 4 26 28 18 1 13 2 15 16 27 10 23 9 25 7 8 14 11 11.3625
0 17 30 19 22 3 6 29 31 21 1 20 13 2 15 16 18 28 26 4 23 9 25 7 8 24 12 5 27 10 14 11 11.3665
0 17 3 22 19 30 6 29 31 21 1 20 13 2 15 16 18 28 26 4 24 12 5 27 10 23 9 25 7 8 14 11 11.3839
0 17 30 19 22 3 6 29 31 21 8 7 25 9 23 10 27 18 28 26 4 24 12 5 16 15 2 13 20 1 14 11 11.3884
0 17 30 19 22 3 6 29 31 12 21 1 20 13 2 15 16 18 28 26 4 24 5 27 10 23 9 25 7 8 14 11 11.4087
0 17 30 19 22 3 6 29 31 21 1 20 13 2 15 16 11 18 28 26 4 24 12 5 27 10 23 9 25 7 8 14 11.4095
0 17 30 19 22 3 6 29 31 21 26 28 18 16 15 2 13 20 1 4 24 12 5 27 10 23 9 25 7 8 14 11 11.4249
0 17 30 19 22 3 6 14 8 7 25 9 23 10 27 5 12 24 4 26 28 18 16 15 2 13 20 1 21 31 29 11 11.4306
0 17 30 19 22 3 6 29 18 28 26 4 24 2 15 16 31 21 1 20 13 12 5 27 10 23 9 25 7 8 14 11 11.4322
0 17 30 13 2 15 16 18 28 26 4 24 19 22 3 6 29 31 21 1 20 12 5 27 10 23 9 25 7 8 14 11 11.4365
0 17 30 19 22 3 6 29 31 21 1 14 13 2 15 16 18 28 26 4 24 12 5 27 10 23 9 25 7 8 20 11 11.45
0 17 30 19 22 3 6 29 31 21 1 20 13 2 15 16 18 28 26 27 24 12 5 4 10 23 9 25 7 8 14 11 11.4596
0 17 30 19 22 3 6 29 31 21 1 20 13 2 15 24 12 5 27 10 16 18 28 26 4 23 9 25 7 8 14 11 11.4627
0 17 30 19 22 3 6 29 31 21 1 20 13 5 27 10 23 9 25 7 8 14 2 15 16 18 28 26 4 24 12 11 11.476
0 17 30 19 22 3 6 29 31 21 1 20 13 2 15 16 18 28 26 23 4 24 12 5 27 10 9 25 7 8 14 11 11.4788
0 17 30 19 22 3 6 29 31 21 1 20 13 2 15 16 18 28 26 4 24 7 5 27 10 23 9 25 12 8 14 11 11.4966
0 11 14 8 7 25 9 23 10 27 5 12 24 4 26 28 18 16 15 2 13 20 1 21 31 29 6 3 17 30 19 22 11.5059
0 17 30 19 22 3 6 11 14 8 7 25 9 23 10 27 5 12 24 4 26 28 18 16 15 2 13 20 1 21 31 29 11.526
0 17 30 19 22 3 6 29 31 21 13 20 1 2 15 23 10 27 5 12 24 4 26 28 18 16 9 25 7 8 14 11 11.5452
0 17 30 19 9 23 10 27 5 12 24 4 26 28 18 16 15 2 13 20 1 21 31 6 29 3 22 25 7 8 14 11 11.5497
0 17 30 19 22 3 6 29 31 21 1 20 13 2 15 16 18 28 26 4 24 12 5 14 8 7 25 9 23 10 27 11 11.5581
0 17 30 19 22 3 6 29 31 21 1 20 13 2 15 16 18 28 26 4 24 12 5 23 10 27 14 25 7 9 8 11 11.583
0 17 30 19 22 3 6 29 31 21 1 20 13 2 9 16 18 28 26 4 24 12 15 5 27 10 23 25 7 8 14 11 11.5893
0 17 30 19 22 3 6 29 31 21 1 20 13 2 15 16 24 18 28 26 4 12 9 25 8 7 23 10 5 27 14 11 11.5921
0 17 30 19 22 3 6 29 31 21 5 12 24 4 26 28 18 16 15 2 13 20 1 27 10 23 9 25 7 8 14 11 11.5941
0 17 30 19 22 3 6 29 31 21 5 12 24 4 26 28 18 16 15 2 13 20 1 27 10 23 9 25 7 8 14 11 11.5941
0 17 30 19 22 3 6 29 31 21 1 20 13 2 15 16 18 28 8 7 25 9 23 10 27 5 12 24 4 26 14 11 11.6292
0 17 30 19 22 3 6 29 31 21 1 20 13 27 15 16 18 28 26 4 24 12 5 2 10 23 9 25 7 8 14 11 11.6311
0 17 30 19 22 29 6 3 31 7 21 1 20 13 2 15 16 18 28 26 4 24 12 5 27 10 23 9 25 8 14 11 11.6314
0 17 30 19 22 3 6 29 31 21 23 10 27 5 12 24 4 26 28 18 16 15 2 13 20 1 9 25 7 8 14 11 11.6326
0 17 30 19 22 3 6 29 31 21 1 20 13 2 9 16 18 28 26 4 24 15 12 5 27 10 23 25 7 8 14 11 11.6539
0 17 30 19 22 3 6 29 31 21 1 20 13 2 15 16 18 28 4 26 24 9 12 5 27 10 23 25 7 8 14 11 11.6725
0 17 30 18 28 26 4 24 12 5 27 10 23 9 25 7 19 22 3 6 29 31 21 1 20 13 2 15 16 8 14 11 11.6732
0 17 30 19 22 3 6 29 31 21 1 9 23 10 27 5 12 24 4 26 28 18 16 15 2 13 20 25 7 8 14 11 11.6773
0 17 8 7 25 9 23 10 27 5 12 24 4 26 28 18 30 19 22 3 6 29 31 21 1 20 13 2 15 16 14 11 11.6859
0 17 30 19 22 3 6 29 31 21 1 20 13 2 15 16 18 28 7 25 9 23 10 27 5 12 24 4 26 8 14 11 11.6956
0 17 30 19 22 3 6 29 31 21 1 20 13 2 15 27 10 23 9 25 7 8 14 16 18 28 26 4 24 12 5 11 11.7111
0 18 28 26 4 24 12 5 27 10 23 9 25 7 8 17 30 19 22 3 6 29 31 21 1 20 13 2 15 16 14 11 11.7117
0 17 30 19 22 3 6 29 31 21 1 20 13 2 15 16 18 28 26 4 11 14 8 7 24 12 5 27 10 23 9 25 11.729
0 17 7 25 9 23 10 27 5 12 24 4 26 28 18 16 15 2 13 20 1 21 30 19 22 3 6 29 31 8 14 11 11.7292
0 17 30 19 22 3 6 29 31 21 28 26 4 24 15 16 18 1 20 13 2 12 5 27 10 23 9 25 7 8 14 11 11.76
0 17 30 19 22 3 6 29 31 21 1 20 13 2 15 16 18 27 5 12 24 4 26 28 8 10 23 9 25 7 14 11 11.7621
0 17 30 19 22 3 6 29 31 21 1 20 13 2 15 16 18 27 5 12 24 4 26 28 8 10 23 9 25 7 14 11 11.7621
0 17 30 19 23 10 27 5 12 24 4 26 28 18 16 15 2 13 20 1 21 31 29 6 3 22 9 25 7 8 14 11 11.7633
0 17 30 19 22 3 6 29 31 21 1 20 13 2 15 4 10 27 5 12 24 26 28 18 16 23 9 25 7 8 14 11 11.7665
0 17 30 19 22 3 6 29 31 21 27 5 12 24 4 26 28 18 16 15 2 13 20 1 10 23 9 25 7 8 14 11 11.7689
0 17 11 30 19 22 3 6 29 31 21 1 20 13 2 15 16 18 28 26 4 24 12 5 23 25 9 27 7 8 10 14 11.776
0 17 18 28 26 4 24 12 5 27 10 23 9 25 7 8 30 19 22 3 6 29 31 21 1 20 13 2 15 16 14 11 11.7941
0 17 30 19 22 3 6 29 31 21 1 20 13 2 15 16 18 28 26 4 14 8 7 24 12 5 27 10 23 9 25 11 11.7953
0 17 30 19 22 3 6 29 31 21 1 15 2 13 20 16 18 28 26 4 24 12 5 25 10 23 9 27 7 8 14 11 11.801
0 17 30 19 22 3 6 29 31 21 1 20 13 2 15 14 18 28 26 4 24 12 5 27 10 23 9 25 7 8 16 11 11.8226
0 11 14 8 7 25 9 23 10 27 5 12 24 4 26 28 18 17 30 19 22 3 6 29 31 21 1 20 13 2 15 16 11.83
0 18 28 26 4 24 12 5 27 10 23 9 25 7 8 14 17 30 19 22 3 6 29 31 21 1 20 13 2 15 16 11 11.8383
0 18 28 26 4 24 12 5 27 10 23 9 25 7 8 14 17 30 19 22 3 6 29 31 21 1 20 13 2 15 16 11 11.8383
0 18 28 26 4 24 12 5 27 10 23 9 25 7 8 14 17 30 19 22 3 6 29 31 21 1 20 13 2 15 16 11 11.8383
0 18 28 26 4 24 12 5 27 10 23 9 25 7 8 14 17 30 19 22 3 6 29 31 21 1 20 13 2 15 16 11 11.8383
0 17 30 19 22 3 6 29 31 21 1 20 27 2 15 16 18 28 26 4 24 12 5 13 10 23 9 25 7 8 14 11 11.8592
0 17 30 19 22 3 6 29 31 25 9 23 10 27 5 16 18 28 26 4 24 12 15 2 13 20 1 21 7 8 14 11 11.8672
0 17 30 19 22 12 6 29 3 31 21 1 20 13 2 15 16 18 28 26 4 24 5 27 10 23 9 25 7 8 14 11 11.882
0 17 30 19 22 3 6 29 31 21 1 20 13 4 24 12 5 27 10 2 15 16 18 28 26 23 9 25 7 8 14 11 11.8882
0 11 14 8 7 25 9 23 10 24 4 26 28 18 16 15 2 13 20 27 5 12 1 21 31 29 6 3 22 19 30 17 11.9055
0 17 30 19 22 3 6 29 31 21 1 20 13 2 15 16 18 24 12 5 27 10 23 9 25 7 28 26 4 8 14 11 11.9106
0 6 19 17 30 22 3 29 31 21 1 20 13 2 15 16 18 28 26 4 24 12 5 27 10 23 9 25 7 8 14 11 11.9203
0 17 30 19 22 3 6 29 31 21 1 20 13 2 15 16 18 28 5 27 10 23 26 4 24 12 9 25 7 8 14 11 11.9263
0 17 30 19 22 12 24 4 26 28 18 16 15 2 13 20 1 21 31 29 6 3 5 27 10 23 9 25 7 8 14 11 11.9322
0 17 30 25 9 23 10 27 5 7 24 4 26 28 18 16 15 2 13 20 1 21 31 29 6 3 22 19 12 8 14 11 11.9694
0 29 11 17 30 19 22 3 6 31 21 1 20 13 2 15 16 18 28 26 4 24 12 5 27 10 23 9 25 7 8 14 11.9707
0 17 30 19 22 3 6 29 31 21 1 20 13 2 23 16 18 28 26 4 24 12 5 27 10 15 9 25 7 8 14 11 12.0315
0 17 30 19 22 3 6 29 31 21 1 20 13 2 15 16 18 25 9 23 10 27 28 26 4 24 12 5 7 8 14 11 12.054
0 17 30 19 11 3 6 29 31 21 1 20 13 2 15 16 22 18 28 26 4 24 12 5 27 10 23 9 25 7 8 14 12.0674
0 17 30 19 22 3 6 29 31 18 16 15 2 13 20 1 21 28 26 4 24 12 5 27 10 23 8 9 25 7 14 11 12.074
0 17 30 19 22 3 6 29 31 21 1 20 13 2 15 16 18 23 28 26 4 24 12 5 27 10 9 25 7 8 14 11 12.0926
0 17 30 19 22 3 6 29 16 21 1 20 13 2 15 31 18 28 26 4 24 12 5 27 10 23 9 25 7 8 14 11 12.099
0 17 30 19 6 3 21 31 29 22 1 20 13 2 15 16 24 18 28 4 26 12 7 25 9 23 10 27 5 8 11 14 12.1072
0 17 30 19 22 3 6 7 25 9 23 10 27 5 12 24 4 26 28 18 16 15 2 13 20 1 21 31 29 8 14 11 12.1134
0 17 30 19 5 12 24 4 26 28 18 16 15 2 13 20 1 21 31 29 6 3 22 27 10 23 9 25 7 8 14 11 12.1145
0 17 30 19 22 14 8 7 25 3 6 29 31 21 1 20 13 2 15 16 18 28 26 4 24 12 5 27 10 23 9 11 12.1171
0 17 30 19 22 3 6 29 31 21 1 20 23 2 15 16 18 28 26 4 24 12 5 27 10 13 9 25 7 8 14 11 12.118
0 17 30 19 22 3 6 29 31 21 1 20 13 2 15 16 18 28 26 4 24 9 5 27 10 23 12 25 7 8 14 11 12.1228
0 17 30 19 22 3 6 29 31 21 1 20 13 2 9 16 18 28 26 4 24 12 5 27 10 23 15 25 7 8 14 11 12.1265
0 17 30 19 22 3 6 29 31 21 1 20 13 2 9 16 18 28 26 4 24 12 5 27 10 23 15 25 7 8 14 11 12.1265
0 17 30 19 22 3 6 29 31 21 1 20 13 2 15 16 18 25 9 23 10 27 5 12 24 4 28 26 7 8 14 11 12.138
0 17 30 19 22 4 26 28 18 16 15 2 13 20 1 21 31 29 6 3 24 12 5 27 10 23 9 25 7 8 14 11 12.1545
0 17 9 19 22 3 6 29 31 21 1 20 13 2 15 16 18 28 26 4 24 12 5 27 10 23 30 25 7 8 14 11 12.1558
0 17 30 19 22 3 11 6 29 31 21 1 20 13 2 15 16 18 28 26 5 12 24 4 27 10 23 9 25 7 8 14 12.1879
0 17 30 19 22 3 6 29 31 21 1 20 13 2 15 16 18 10 23 9 25 7 5 27 28 26 4 24 12 8 14 11 12.1929
0 17 30 19 22 3 9 23 10 27 5 12 24 4 26 28 18 16 15 2 13 20 1 21 31 29 6 25 7 8 14 11 12.1946
0 17 30 19 22 3 6 29 31 21 1 20 13 2 15 16 18 28 26 4 24 12 23 14 9 25 7 8 10 27 5 11 12.229
0 17 30 19 22 3 6 29 31 21 1 20 13 23 10 27 5 12 2 15 16 18 28 26 4 24 9 11 25 7 8 14 12.235
0 11 14 16 15 2 17 30 19 22 3 6 29 31 21 1 20 8 7 25 9 23 10 27 5 12 24 4 26 28 18 13 12.2454
0 31 13 17 30 19 22 3 6 29 21 1 20 2 15 16 18 28 26 4 24 12 5 27 10 23 9 25 7 8 14 11 12.252
0 17 30 19 22 3 6 29 31 21 1 20 13 2 15 16 18 28 26 4 24 12 5 25 10 23 9 27 7 11 8 14 12.2652
0 17 30 19 6 3 21 31 29 22 1 20 13 2 15 16 24 18 28 4 26 12 7 25 9 23 10 5 27 8 14 11 12.2832
0 17 30 16 15 2 13 20 1 21 31 29 6 3 22 19 18 28 26 4 24 12 5 23 25 27 10 9 7 8 14 11 12.2976
0 17 30 2 22 3 6 29 31 21 1 20 13 19 15 16 18 28 26 4 24 12 5 27 10 23 9 25 7 8 14 11 12.3053
0 17 30 19 22 3 6 29 31 21 1 20 13 2 24 12 5 27 10 23 9 25 7 8 14 18 28 26 4 15 16 11 12.3147
0 17 2 15 16 18 28 26 4 24 12 5 27 30 19 22 3 6 29 31 21 1 20 13 10 23 9 25 7 8 14 11 12.3159
0 17 30 19 22 3 6 29 31 21 1 5 13 2 15 16 18 28 26 4 24 12 20 27 10 23 9 25 7 8 14 11 12.3257
0 17 30 19 22 3 6 29 31 21 1 5 13 2 15 16 18 28 26 4 24 12 20 27 10 23 9 25 7 8 14 11 12.3257
0 17 30 19 22 3 6 29 31 21 1 5 13 2 15 16 18 28 26 4 24 12 20 27 10 23 9 25 7 8 14 11 12.3257
0 17 30 19 22 3 6 29 31 21 1 5 13 2 15 16 18 28 26 4 24 12 20 27 10 23 9 25 7 8 14 11 12.3257
0 17 30 19 22 3 16 18 28 26 4 24 12 5 27 6 29 31 21 1 20 13 2 15 10 23 9 25 7 8 14 11 12.3352
0 17 30 19 22 3 6 29 16 21 1 20 13 2 15 31 18 28 26 4 24 12 5 27 10 23 9 8 7 25 14 11 12.3379
0 17 30 19 22 3 6 29 31 10 21 1 20 13 2 15 16 18 28 26 4 24 12 5 27 23 9 25 7 8 14 11 12.3564
0 17 30 19 22 3 26 28 18 16 15 2 13 20 1 21 31 29 6 4 24 12 5 27 10 23 9 25 7 8 14 11 12.3837
0 17 30 19 22 3 6 29 31 21 1 20 5 27 10 23 9 25 7 8 14 12 13 2 15 16 18 28 26 4 24 11 12.4077
0 17 30 19 22 3 6 29 31 21 1 20 26 2 15 16 18 28 13 4 24 12 5 27 10 23 9 25 7 8 14 11 12.4115
0 11 14 8 7 25 9 23 10 27 5 12 24 4 26 28 18 16 15 2 6 20 1 21 31 29 13 3 22 19 30 17 12.437
0 17 30 19 11 3 6 29 31 21 1 20 13 2 22 15 16 18 28 26 4 24 12 5 27 10 23 9 25 7 8 14 12.4667
0 7 30 19 22 3 6 29 31 21 1 15 2 13 20 16 18 28 26 4 24 12 5 27 10 23 9 25 17 8 14 11 12.4696
0 17 30 19 22 4 3 6 29 31 21 1 20 13 2 15 16 18 28 26 24 12 5 27 10 23 9 25 7 8 14 11 12.4703
0 14 8 25 9 23 10 27 5 12 24 4 26 28 18 16 15 2 13 20 1 21 31 7 29 6 3 22 19 30 17 11 12.4825
0 17 30 19 22 18 28 26 4 24 12 5 27 10 23 9 3 6 29 31 21 1 20 13 2 15 16 25 7 8 14 11 12.4862
0 17 30 19 22 3 6 29 31 21 1 20 12 5 27 10 23 9 25 4 24 13 2 15 16 18 28 26 7 8 14 11 12.492
0 17 30 19 22 3 6 29 31 21 1 20 13 2 10 23 9 25 7 4 24 12 5 27 15 16 18 28 26 8 14 11 12.5138
0 17 30 19 22 3 6 29 31 21 1 20 13 2 15 16 23 9 25 18 28 26 4 24 12 5 7 8 27 10 14 11 12.532
0 17 30 19 22 14 6 29 31 21 1 20 13 2 15 16 18 28 26 4 24 12 5 27 10 23 9 25 7 8 3 11 12.5359
0 11 14 8 7 25 9 23 10 27 5 12 24 17 4 26 28 18 16 15 2 13 20 1 21 31 29 6 3 22 19 30 12.5502
0 18 28 26 4 24 12 5 27 10 23 9 25 7 15 16 17 30 19 22 3 6 29 31 21 1 20 13 2 8 14 11 12.5784
0 17 30 19 22 3 6 29 15 21 1 20 13 2 31 16 18 28 26 4 24 12 5 27 10 23 9 25 7 8 14 11 12.5827
0 17 30 19 22 3 6 29 31 21 1 20 13 2 15 16 18 28 26 10 24 12 5 27 4 23 9 25 7 8 14 11 12.594
0 17 30 19 22 3 27 5 12 24 4 26 28 18 16 15 2 13 20 1 21 31 29 6 10 23 9 25 7 8 14 11 12.6003
0 17 30 19 22 3 6 29 31 21 25 1 20 13 2 15 16 18 28 26 4 24 12 23 9 10 5 27 7 8 14 11 12.6037
0 17 30 19 22 3 6 29 11 21 1 20 13 2 15 16 18 28 26 4 24 12 5 27 10 23 9 25 7 8 14 31 12.6147
0 30 12 17 19 22 3 6 29 31 21 1 20 16 2 15 13 18 28 26 4 24 5 27 10 23 8 7 9 25 14 11 12.6237
0 17 12 24 4 26 28 18 16 15 2 13 22 3 6 29 31 21 1 20 19 30 5 27 10 23 9 25 7 8 14 11 12.6344
0 18 28 26 4 24 12 5 27 10 23 9 25 7 8 17 30 19 22 16 15 2 13 20 1 3 6 29 31 21 14 11 12.6361
0 17 30 19 22 3 6 29 31 21 1 20 13 2 15 9 18 28 26 4 24 12 5 27 10 23 16 25 7 8 14 11 12.6486
0 17 30 19 22 3 14 8 12 5 27 10 23 9 25 7 24 4 26 28 18 16 15 2 13 20 6 29 31 21 1 11 12.6674
0 17 30 19 22 3 6 29 31 21 1 20 13 2 15 16 18 11 14 8 7 25 9 23 10 27 5 12 24 4 26 28 12.6819
0 17 30 19 22 3 6 29 31 21 1 20 13 2 15 16 18 11 14 8 7 25 9 23 10 27 5 12 24 4 26 28 12.6819
0 8 7 25 9 23 10 27 5 12 24 4 15 2 13 20 1 21 31 29 6 16 18 28 26 3 22 19 30 17 14 11 12.7136
0 17 30 19 22 3 6 29 31 21 1 12 5 27 20 7 25 9 23 10 24 4 26 28 18 16 15 2 13 8 14 11 12.7192
0 18 28 26 4 24 12 5 27 17 30 19 22 3 6 29 31 21 1 20 13 2 15 16 10 23 9 25 7 8 14 11 12.7439
0 17 30 19 22 3 6 29 31 21 1 20 13 11 25 9 7 14 8 23 10 2 15 16 18 28 26 4 24 12 5 27 12.749
0 17 30 19 22 24 12 5 27 10 23 9 25 7 3 6 29 31 21 1 20 13 2 15 16 18 28 26 4 8 14 11 12.7695
0 11 14 8 7 25 9 23 10 27 5 12 24 4 26 28 18 17 30 19 22 3 6 29 31 16 21 1 20 13 2 15 12.795
0 17 30 5 12 4 26 13 2 15 19 22 3 6 29 31 21 1 20 16 18 28 24 27 10 23 9 25 7 8 14 11 12.8137
0 17 30 19 22 3 6 29 31 21 1 20 13 2 15 16 24 18 27 10 23 9 25 28 26 4 12 5 7 8 14 11 12.8189
0 13 30 19 22 3 6 29 31 21 1 20 17 2 15 16 18 28 26 4 24 12 5 27 10 23 9 25 7 8 14 11 12.8196
0 13 30 19 22 3 6 29 31 21 1 20 17 2 15 16 18 28 26 4 24 12 5 27 10 23 9 25 7 8 14 11 12.8196
0 17 30 19 22 3 6 29 31 21 1 20 5 2 15 16 27 13 12 24 4 26 28 18 10 23 9 25 7 8 14 11 12.8309
0 17 30 19 22 3 6 29 31 21 20 5 12 24 4 26 28 18 1 27 2 15 16 13 10 23 9 25 7 8 14 11 12.8453
0 17 30 19 26 28 18 16 15 2 4 24 12 5 27 10 23 9 25 7 8 11 22 3 6 29 31 21 1 20 13 14 12.8577
0 11 14 8 7 25 9 23 10 27 5 12 24 4 17 30 19 22 3 6 29 31 21 1 20 13 2 15 16 18 28 26 12.8721
0 11 14 8 7 25 9 23 10 27 5 12 24 4 17 30 19 22 3 6 29 31 21 1 20 13 2 15 16 18 28 26 12.8721
0 4 17 30 19 22 3 6 29 31 21 1 20 13 2 15 16 18 28 26 24 12 5 27 10 23 9 25 7 8 14 11 12.8893
0 17 30 4 24 12 5 27 10 23 9 25 7 2 15 16 18 28 26 19 22 3 6 29 31 21 1 20 13 8 14 11 12.89
0 17 15 19 22 3 6 29 31 21 1 20 13 2 30 16 18 28 26 4 24 12 5 27 10 23 9 25 7 8 14 11 12.9304
0 17 12 24 4 26 28 18 16 15 2 13 22 3 6 29 31 21 1 20 19 30 5 27 10 25 9 23 7 8 14 11 12.954
0 17 30 19 26 28 18 16 15 4 24 12 5 27 10 23 9 25 7 8 14 22 3 6 29 31 21 1 20 13 2 11 12.9944
0 17 18 28 26 30 19 22 3 6 29 31 21 1 20 13 2 15 16 4 24 12 5 27 10 23 9 25 7 8 14 11 13.0183
0 17 9 19 22 3 6 29 31 21 1 30 20 13 2 15 16 18 28 26 4 24 12 5 27 10 23 25 7 8 14 11 13.0304
0 17 30 19 22 3 6 29 31 21 1 20 13 2 15 16 18 28 26 25 7 12 5 27 10 23 9 4 24 8 14 11 13.0598
0 17 30 19 22 3 6 15 2 13 20 1 21 31 29 16 18 28 26 4 24 12 5 8 10 23 9 25 7 27 14 11 13.1037
0 17 18 16 15 2 13 20 1 21 31 29 6 3 22 19 30 28 26 4 24 12 5 27 10 23 9 25 7 8 14 11 13.1065
0 17 18 16 15 2 13 20 1 21 31 29 6 3 22 19 30 28 26 4 24 12 5 27 10 23 9 25 7 8 14 11 13.1065
0 18 28 26 4 24 12 5 27 10 23 9 25 7 8 14 13 20 1 21 31 29 6 3 22 19 30 17 2 15 16 11 13.1152
0 17 30 19 22 3 6 29 31 7 1 20 13 2 15 16 18 28 26 4 24 12 5 27 10 23 9 25 21 8 14 11 13.1321
0 17 30 19 22 3 6 29 31 21 1 9 13 2 15 16 18 28 26 4 24 12 5 27 10 23 20 25 7 8 14 11 13.1405
0 17 30 19 22 2 6 29 31 21 1 20 13 3 15 16 18 28 26 4 24 12 5 27 10 23 9 25 7 8 14 11 13.1559
0 17 16 19 22 3 6 29 31 21 1 20 13 2 15 30 18 28 26 4 24 12 5 27 10 23 9 25 7 8 14 11 13.1693
0 17 30 19 22 3 6 29 31 21 1 20 13 2 15 16 18 28 26 7 24 12 5 27 10 23 9 25 4 8 14 11 13.2161
0 17 30 19 22 27 5 12 24 4 26 28 18 16 15 10 23 9 25 7 8 14 3 6 29 31 21 1 20 13 2 11 13.2399
0 17 30 18 28 26 19 22 3 6 29 31 21 1 20 13 2 15 16 8 7 25 9 23 10 27 5 12 24 4 14 11 13.2649
0 18 28 26 2 13 20 1 21 31 29 6 3 22 19 30 17 11 8 7 25 9 23 10 27 5 12 24 4 15 16 14 13.2766
0 17 30 19 22 3 6 29 31 21 5 20 13 2 15 16 18 28 26 4 24 12 1 27 10 23 9 25 7 8 14 11 13.2851
0 14 8 2 16 7 25 9 23 10 27 17 30 19 22 3 6 29 31 21 1 20 13 15 18 28 26 4 24 12 5 11 13.2911
0 17 30 19 22 3 6 29 31 21 1 20 13 2 15 16 10 23 9 4 24 12 5 27 18 28 26 25 7 8 14 11 13.2929
0 17 30 19 22 3 6 29 31 21 1 20 13 14 15 16 18 28 26 4 24 12 11 2 8 7 25 9 23 10 27 5 13.304
0 17 30 19 22 3 11 6 14 8 7 25 9 23 10 27 5 12 24 4 26 28 18 16 15 2 13 20 1 21 31 29 13.3215
0 17 30 19 22 3 6 29 31 21 2 13 20 1 8 10 23 9 25 7 27 28 26 4 24 12 5 18 16 15 14 11 13.3218
0 17 30 19 22 3 6 29 31 21 1 5 12 24 20 27 10 23 9 25 7 13 4 26 28 18 16 15 2 8 14 11 13.3492
0 17 18 28 26 4 24 12 5 27 10 23 9 25 15 16 30 19 22 3 6 29 31 1 21 20 13 2 7 8 14 11 13.3612
0 8 7 25 9 23 10 27 5 12 24 4 26 28 17 30 19 22 3 6 31 29 21 1 20 13 2 15 16 18 14 11 13.4173
0 17 30 19 22 3 6 29 31 21 1 20 13 5 9 10 27 14 23 25 7 8 2 15 16 18 28 26 4 24 12 11 13.4302
0 17 30 19 22 3 6 29 31 21 13 2 15 16 18 28 26 4 24 27 10 1 20 11 12 5 23 9 25 7 8 14 13.4337
0 17 30 22 19 3 6 23 10 27 5 12 24 4 26 28 18 16 15 2 13 20 1 21 31 29 9 25 7 8 14 11 13.4461
0 17 30 19 22 3 6 29 31 21 1 20 13 2 15 16 18 10 23 9 25 7 8 14 28 26 4 24 12 5 27 11 13.4814
0 17 30 19 22 14 8 7 25 9 23 10 27 5 12 24 4 26 3 6 29 31 21 1 20 13 2 15 16 18 28 11 13.4852
0 17 30 19 22 26 4 24 12 5 27 10 23 9 25 7 8 14 3 6 29 31 21 1 20 13 2 15 16 18 28 11 13.5237
0 17 30 19 22 3 6 28 26 4 24 12 5 27 10 23 9 25 7 29 31 21 1 20 13 2 15 16 18 8 14 11 13.5286
0 25 12 24 4 26 28 18 16 15 2 13 20 1 21 31 29 6 3 19 30 17 22 14 5 27 10 23 9 7 8 11 13.5298
0 20 13 2 15 16 18 28 26 4 1 17 30 19 22 3 6 29 31 21 24 12 5 27 10 23 9 25 7 8 14 11 13.5416
0 17 30 19 22 3 6 29 31 21 1 20 13 2 26 4 24 12 5 15 16 8 27 10 23 9 25 7 18 28 14 11 13.5456
0 1 30 19 22 3 6 29 31 21 17 20 13 2 15 16 18 28 26 4 24 12 5 27 10 23 9 25 7 8 14 11 13.5492
0 1 30 19 22 3 6 29 31 21 17 20 13 2 15 16 18 28 26 4 24 12 5 27 10 23 9 25 7 8 14 11 13.5492
0 1 30 19 22 3 6 29 31 21 17 20 13 2 15 16 18 28 26 4 24 12 5 27 10 23 9 25 7 8 14 11 13.5492
0 17 30 19 22 3 6 28 26 4 24 12 5 27 10 23 9 25 7 8 14 29 31 21 1 20 13 2 15 16 18 11 13.5687
0 17 16 18 28 26 4 24 12 21 1 20 13 2 15 30 19 22 3 6 29 31 5 27 10 23 9 25 7 8 14 11 13.5698
0 18 28 26 4 24 12 5 27 10 23 9 25 7 8 14 17 30 19 22 3 20 13 2 16 15 6 29 31 21 1 11 13.5713
0 18 28 26 4 24 12 5 27 10 23 9 25 17 30 19 16 15 2 7 8 11 22 3 6 29 31 21 1 20 13 14 13.6011
0 18 28 26 4 24 12 1 21 31 29 6 3 22 19 30 17 14 8 7 25 9 23 10 27 5 20 13 2 16 15 11 13.6081
0 17 30 19 22 3 25 7 8 14 1 20 13 2 15 16 18 28 26 4 24 12 5 27 10 23 9 6 29 31 21 11 13.6119
0 17 30 19 22 3 6 24 12 5 27 10 23 9 25 16 18 28 26 4 29 31 21 1 20 13 2 15 7 8 14 11 13.6237
0 17 30 19 22 3 6 29 31 21 10 23 9 25 7 8 14 18 28 26 4 24 12 5 27 1 20 13 2 15 16 11 13.6384
0 17 30 19 22 3 6 29 31 24 12 5 27 10 23 9 25 7 8 4 21 1 20 13 2 15 16 18 28 26 14 11 13.6476
0 17 30 19 22 3 6 29 31 21 12 5 27 10 23 9 25 7 8 14 24 1 20 13 2 15 16 18 28 26 4 11 13.6545
0 17 30 19 22 26 4 24 12 5 27 10 23 2 15 16 18 28 3 6 29 31 21 1 20 13 9 25 7 8 14 11 13.6619
0 17 30 19 22 3 6 29 31 21 1 20 13 2 9 25 7 8 14 4 24 12 5 27 10 23 15 16 18 28 26 11 13.6851
0 17 30 19 22 3 6 2 13 20 1 21 31 29 11 7 15 16 18 28 26 4 24 12 5 23 10 27 9 25 8 14 13.7156
0 17 30 19 22 3 6 2 13 20 1 21 31 29 11 7 15 16 18 28 26 4 24 12 5 23 10 27 9 25 8 14 13.7156
0 17 30 19 22 3 6 29 31 21 1 7 13 2 15 5 10 27 23 9 25 12 16 18 28 26 4 24 20 8 14 11 13.7325
0 17 30 19 22 3 6 29 31 21 1 7 13 2 15 5 10 27 23 9 25 12 16 18 28 26 4 24 20 8 14 11 13.7325
0 17 30 19 22 3 6 29 31 21 1 20 13 2 15 16 18 28 26 14 8 11 9 25 7 4 24 12 5 27 10 23 13.7604
0 2 15 19 22 3 6 29 31 21 1 20 13 23 9 16 18 28 26 4 24 12 5 27 10 17 30 25 7 8 14 11 13.7621
0 17 30 19 22 3 6 9 25 7 8 14 13 2 15 16 18 28 26 4 24 12 5 27 10 23 29 31 21 1 20 11 13.7784
0 17 30 19 22 3 6 29 31 21 1 20 13 8 2 15 16 7 28 26 4 24 12 5 27 10 23 9 25 18 14 11 13.7865
0 17 30 9 23 10 27 5 24 4 26 28 18 16 15 2 11 13 20 1 12 21 31 29 6 3 22 19 25 7 8 14 13.7928
0 17 16 18 28 26 4 24 12 5 27 10 23 9 25 30 19 22 3 6 29 31 21 1 2 15 11 8 7 20 13 14 13.7936
0 17 30 19 22 3 6 29 24 12 5 27 10 23 9 25 18 28 26 4 31 21 1 20 13 2 15 16 7 8 14 11 13.8007
0 23 10 12 24 4 26 28 18 16 15 2 13 20 1 21 31 29 6 3 17 30 19 22 5 27 9 25 7 8 11 14 13.8051
0 17 27 5 12 24 4 26 30 19 22 3 6 29 31 21 1 20 13 2 15 16 18 28 10 23 9 25 7 8 14 11 13.8187
0 14 8 2 16 7 25 9 23 10 27 5 12 24 17 30 19 22 3 6 29 31 21 1 20 13 15 18 28 26 4 11 13.843
0 25 11 24 4 26 28 18 16 15 2 13 20 1 21 31 29 6 3 22 19 30 17 9 7 14 8 23 10 27 5 12 13.8483
0 17 30 19 4 3 6 29 31 21 1 20 13 2 15 16 22 18 28 26 24 12 5 27 10 23 9 25 7 8 14 11 13.9207
0 17 30 19 4 3 6 29 31 21 1 20 13 2 15 16 22 18 28 26 24 12 5 27 10 23 9 25 7 8 14 11 13.9207
0 25 9 23 10 27 5 12 24 4 29 6 3 22 13 2 15 17 30 19 31 21 1 20 16 18 28 26 7 8 14 11 13.9392
0 17 30 13 20 1 21 31 29 6 3 16 25 9 23 10 27 5 12 24 4 26 18 28 22 19 2 15 7 8 14 11 13.9481
0 18 28 26 4 24 12 5 27 7 8 14 25 10 23 9 17 30 19 20 1 21 31 29 6 3 22 13 2 15 16 11 13.9857
0 15 18 28 26 4 24 12 5 27 10 23 9 25 7 17 16 30 11 19 22 3 6 29 31 21 1 20 13 2 8 14 14.0021
0 17 30 19 22 3 6 29 31 21 12 5 27 10 23 9 25 7 8 14 4 24 1 20 13 2 15 16 18 28 26 11 14.0235
0 11 17 30 19 22 3 6 29 31 21 1 20 13 2 15 16 18 28 26 4 9 23 10 27 14 8 7 25 5 12 24 14.0505
0 17 30 19 22 3 6 29 31 21 1 20 13 2 15 16 18 28 7 4 24 12 5 27 10 23 9 25 26 8 14 11 14.0513
0 29 30 19 22 3 6 17 31 21 1 20 13 2 15 16 18 28 26 4 24 12 5 27 10 23 9 25 7 8 14 11 14.0595
0 17 30 19 22 3 6 29 31 9 1 20 13 2 15 16 18 28 26 4 24 12 5 27 10 23 21 25 7 8 14 11 14.0975
0 17 30 10 22 3 6 29 31 21 1 20 13 2 15 16 18 28 26 4 24 12 5 27 19 23 9 25 7 8 14 11 14.1277
0 17 30 19 27 5 12 24 4 26 28 18 16 15 2 13 20 1 21 22 3 6 29 14 8 7 25 10 23 9 31 11 14.1354
0 17 30 19 22 4 24 12 5 27 10 23 9 25 7 3 6 29 31 16 18 28 26 21 1 20 13 2 15 8 14 11 14.147
0 17 30 19 22 4 24 12 5 27 10 23 9 25 7 3 6 29 31 16 18 28 26 21 1 20 13 2 15 8 14 11 14.147
0 17 30 19 22 4 24 12 5 27 10 23 9 25 7 3 6 29 31 16 18 28 26 21 1 20 13 2 15 8 14 11 14.147
0 17 30 19 22 3 6 29 31 21 1 24 13 5 27 10 23 9 25 7 8 14 2 15 16 18 28 26 4 20 12 11 14.1535
0 17 5 19 22 3 6 29 31 21 1 20 13 2 15 16 18 28 26 4 24 12 30 27 10 23 9 25 7 8 14 11 14.1662
0 17 5 19 22 3 6 29 31 21 1 20 13 2 15 16 18 28 26 4 24 12 30 27 10 23 9 25 7 8 14 11 14.1662
0 17 30 19 22 3 24 29 31 21 1 20 13 2 15 16 6 18 28 26 4 12 5 27 10 23 9 25 7 8 14 11 14.1881
0 11 14 8 7 25 9 1 17 30 19 6 3 22 29 31 21 20 13 2 15 16 18 28 26 5 12 4 24 27 10 23 14.2231
0 17 30 19 22 3 6 29 31 21 1 20 13 2 15 16 18 28 26 4 11 24 27 10 23 9 25 14 12 5 7 8 14.2237
0 22 19 1 13 2 15 8 30 17 3 6 29 31 21 20 16 18 26 28 4 5 24 12 27 10 23 9 25 7 14 11 14.2237
0 17 26 4 24 12 5 27 10 23 25 7 8 9 19 22 3 6 29 31 21 1 20 13 2 15 16 18 28 30 14 11 14.2374
0 14 8 7 25 9 23 20 1 21 31 29 13 16 15 2 10 27 5 12 24 4 26 28 18 11 6 3 22 19 30 17 14.239
0 17 27 10 23 9 25 7 13 4 26 28 18 16 20 30 19 22 3 6 29 31 21 1 5 12 24 15 2 8 14 11 14.2701
0 17 30 19 22 3 6 29 11 14 18 28 26 2 13 20 1 21 31 8 7 25 9 23 10 27 5 12 24 4 15 16 14.3007
0 17 30 19 22 3 6 29 31 24 12 5 27 10 23 9 8 25 7 4 21 1 20 13 2 15 16 18 28 26 14 11 14.3083
0 17 30 19 22 23 10 27 5 12 24 4 26 28 18 16 15 1 13 20 2 21 31 29 6 3 9 25 7 8 14 11 14.3589
0 17 30 19 22 3 6 29 31 21 1 20 13 2 15 16 18 28 26 4 11 12 5 27 10 23 9 25 7 8 14 24 14.3772
0 17 30 13 2 15 16 18 28 26 4 3 22 19 20 6 29 31 24 12 5 27 10 23 9 25 7 8 21 1 14 11 14.39
0 17 30 19 22 3 6 29 31 23 1 20 13 2 15 16 18 28 26 4 24 12 5 27 10 21 9 25 7 8 14 11 14.3935
0 17 30 19 22 4 24 15 5 27 10 23 9 25 7 8 18 28 26 3 6 29 31 21 1 20 13 2 12 16 14 11 14.4193
0 17 20 1 21 31 29 6 3 22 14 8 7 25 9 23 10 27 5 12 24 4 2 15 16 18 28 26 19 30 13 11 14.4399
0 5 27 10 23 9 25 7 8 14 1 20 13 2 15 4 18 28 26 16 24 12 17 30 19 22 3 6 29 31 21 11 14.4448
0 18 28 26 4 24 12 9 5 27 10 23 13 2 15 16 17 30 19 22 3 6 29 31 21 1 20 25 7 8 14 11 14.4686
0 17 30 19 22 27 5 12 24 4 26 28 18 16 15 2 13 20 1 21 3 6 29 14 8 7 25 10 23 9 31 11 14.4897
0 17 30 19 22 26 4 24 12 5 29 31 21 1 3 6 20 13 2 15 16 18 28 27 10 23 9 25 7 8 14 11 14.4975
0 17 30 19 9 3 6 29 31 21 1 20 13 2 15 16 18 28 26 4 24 12 5 27 10 23 22 25 7 8 14 11 14.5064
0 12 30 19 22 3 6 29 31 21 1 20 13 2 15 16 18 28 26 4 24 17 5 27 10 23 9 25 7 8 14 11 14.5479
0 17 30 19 5 27 21 31 29 6 1 20 13 2 22 3 15 16 18 28 26 4 24 12 10 23 9 25 7 8 14 11 14.557
0 11 17 30 19 22 3 27 15 23 6 29 31 21 1 20 13 2 16 18 28 26 4 24 12 5 10 9 25 7 8 14 14.5753
0 11 17 30 19 22 3 27 15 23 6 29 31 21 1 20 13 2 16 18 28 26 4 24 12 5 10 9 25 7 8 14 14.5753
0 17 30 19 22 3 6 29 31 21 5 12 4 26 13 2 15 24 27 10 23 9 25 7 8 14 28 18 16 1 20 11 14.6139
0 17 30 19 22 14 8 7 25 9 23 10 13 20 1 21 4 26 28 18 16 15 2 27 5 12 24 31 29 6 3 11 14.6157
0 28 26 4 24 12 5 27 10 23 9 25 7 8 14 16 18 17 30 19 22 3 6 29 31 21 1 20 13 2 15 11 14.6202
0 17 30 19 22 26 4 24 12 5 27 10 23 9 25 7 8 28 3 6 29 31 21 1 20 13 2 15 16 18 14 11 14.6273
0 17 30 19 22 26 4 24 12 5 27 10 23 9 25 7 8 28 3 6 29 31 21 1 20 13 2 15 16 18 14 11 14.6273
0 17 30 19 22 3 6 29 31 21 1 20 13 2 15 16 11 28 26 4 24 12 5 27 10 23 9 25 7 8 14 18 14.6607
0 17 30 19 22 3 6 1 21 31 29 20 13 2 15 16 18 8 5 27 10 23 9 25 7 14 28 26 4 24 12 11 14.6817
0 17 27 5 16 24 4 18 28 26 12 15 1 20 13 2 10 23 9 30 19 22 3 6 29 31 21 25 7 8 14 11 14.6864
0 17 30 19 22 3 6 29 31 21 1 20 13 2 15 16 18 25 7 8 14 12 5 27 10 23 9 28 26 4 24 11 14.6879
0 17 30 19 22 3 6 29 31 21 1 20 13 2 15 16 18 28 9 4 24 12 5 27 10 23 26 25 7 8 14 11 14.6988
0 17 18 28 26 4 24 12 5 27 10 20 13 2 15 16 30 19 22 3 6 29 31 21 1 23 9 8 7 25 11 14 14.7409
0 17 24 19 22 3 6 29 31 21 1 20 13 2 15 16 18 28 26 4 30 12 5 27 10 23 9 25 7 8 14 11 14.7554
0 17 24 19 22 3 6 29 31 21 1 20 13 2 15 16 18 28 26 4 30 12 5 27 10 23 9 25 7 8 14 11 14.7554
0 17 27 10 23 9 25 7 12 26 4 28 18 24 16 15 2 13 20 1 22 29 31 21 3 6 19 30 5 8 11 14 14.7753
0 17 30 19 22 3 6 4 24 21 1 20 13 2 15 16 18 28 26 29 31 12 5 27 10 23 9 25 7 8 14 11 14.7826
0 17 30 19 22 3 6 29 31 21 1 20 13 2 15 16 18 28 26 4 24 12 11 10 25 14 27 9 7 5 8 23 14.7869
0 15 18 28 26 4 24 12 5 27 10 23 9 25 7 17 30 19 16 1 13 2 20 29 31 21 22 3 6 8 14 11 14.7901
0 26 4 24 12 5 27 10 23 9 25 7 8 14 15 16 18 28 17 30 19 22 3 6 29 31 21 1 20 13 2 11 14.8013
0 16 14 8 7 25 9 23 10 27 5 12 24 4 26 28 18 17 30 19 22 3 6 29 31 21 1 20 2 15 11 13 14.8018
0 17 30 19 25 7 8 16 15 2 13 20 1 21 14 5 27 10 23 9 22 3 6 29 31 18 28 26 4 24 12 11 14.8164
0 17 30 19 22 3 6 29 31 21 1 20 13 2 15 16 18 7 8 14 24 12 5 27 10 23 9 25 28 26 4 11 14.8334
0 17 5 1 20 13 2 15 24 18 11 14 8 7 25 9 23 10 27 12 4 26 28 16 21 31 29 6 3 22 19 30 14.838
0 11 25 7 8 14 27 10 23 9 4 26 28 18 16 15 2 13 20 1 21 31 29 6 3 22 19 30 17 5 12 24 14.8527
0 17 30 5 19 27 10 23 9 25 7 15 2 13 20 1 21 31 29 6 3 22 12 24 4 26 28 18 16 8 14 11 14.865
0 17 30 19 23 9 25 29 31 21 1 20 13 2 15 16 18 28 26 4 24 12 5 27 10 22 3 6 8 7 14 11 14.8849
0 17 30 23 10 27 5 12 24 4 26 28 18 16 15 2 22 3 6 29 31 21 1 25 9 19 11 8 7 20 13 14 14.8957
0 17 14 8 7 25 9 23 10 27 5 12 24 4 26 28 18 30 19 22 3 11 29 31 21 1 20 13 15 2 16 6 14.9291
0 17 30 28 26 4 24 12 5 27 10 23 9 25 7 8 18 19 13 2 22 3 6 29 31 21 1 20 15 16 14 11 14.9347
0 17 30 14 11 3 9 23 10 27 5 12 24 4 26 28 18 16 15 2 13 20 1 21 31 29 6 25 22 19 8 7 15.0234
0 8 7 25 9 23 10 27 5 12 24 4 26 28 17 30 19 22 2 13 20 1 21 31 29 6 3 15 16 18 14 11 15.0463
0 17 30 19 22 3 6 29 31 4 24 12 5 27 10 23 9 28 26 21 1 20 13 2 15 16 18 25 7 8 14 11 15.0573
0 17 30 19 8 7 10 27 2 12 24 4 26 28 18 22 21 1 20 13 3 6 29 31 5 15 16 23 9 25 14 11 15.0689
0 17 30 19 22 3 6 29 31 21 1 9 20 13 2 15 16 18 28 26 14 8 7 25 23 10 27 5 12 24 4 11 15.0707
0 17 30 19 22 3 6 29 31 21 1 5 13 2 15 16 18 28 26 4 24 23 9 25 7 8 14 12 20 27 10 11 15.0718
0 12 24 4 26 28 18 16 15 2 13 20 1 21 11 29 6 3 22 19 30 17 5 27 10 23 9 25 7 8 14 31 15.101
0 18 28 26 4 24 12 5 27 10 23 9 25 7 8 3 17 30 19 22 14 6 29 31 21 1 20 13 2 15 16 11 15.1053
0 17 30 19 22 3 6 29 31 26 28 21 4 5 1 20 13 2 15 16 18 24 12 27 10 23 9 25 7 8 14 11 15.1208
0 17 30 19 22 3 6 2 13 20 1 21 31 29 16 18 28 10 9 7 25 27 5 12 24 4 26 15 23 8 14 11 15.1214
0 17 30 19 22 28 6 29 31 21 1 20 13 2 15 16 18 3 26 4 24 12 5 27 10 23 9 25 7 8 14 11 15.1315
0 17 30 19 22 28 6 29 31 21 1 20 13 2 15 16 18 3 26 4 24 12 5 27 10 23 9 25 7 8 14 11 15.1315
0 17 30 19 22 3 6 29 24 12 5 27 10 23 9 25 7 8 14 4 31 21 1 20 13 2 15 16 18 28 26 11 15.1734
0 17 30 13 2 15 16 18 28 26 4 3 22 19 20 6 29 31 24 12 5 27 10 23 9 25 7 21 1 8 11 14 15.1937
0 17 30 19 22 3 6 29 31 21 1 20 13 2 15 16 11 24 28 18 4 8 14 26 12 5 27 10 23 9 25 7 15.2079
0 17 30 10 13 20 1 21 31 29 6 3 22 2 15 16 18 28 26 4 24 12 5 27 19 23 9 25 7 14 8 11 15.252
0 17 30 19 27 3 6 29 31 21 1 20 13 2 15 16 18 28 26 4 24 12 5 22 10 23 9 25 7 8 14 11 15.2922
0 17 30 19 27 3 6 29 31 21 1 20 13 2 15 16 18 28 26 4 24 12 5 22 10 23 9 25 7 8 14 11 15.2922
0 17 30 19 22 3 28 26 4 12 5 27 10 8 7 25 9 23 14 16 18 6 29 31 21 1 20 13 2 15 24 11 15.3007
0 17 30 19 22 3 6 29 31 21 1 20 13 2 14 8 16 7 25 9 23 10 27 5 12 24 4 15 11 26 28 18 15.3313
0 17 30 19 22 3 6 29 31 21 1 20 13 2 15 16 18 28 26 4 24 11 23 25 14 7 27 9 10 12 8 5 15.3335
0 25 7 27 30 11 14 6 8 17 19 22 3 29 31 21 1 20 13 2 15 16 18 28 26 4 24 12 5 10 23 9 15.3369
0 17 30 25 7 8 14 29 24 4 26 28 6 3 22 19 31 21 1 20 13 18 16 15 2 12 5 27 10 23 9 11 15.3925
0 17 30 19 22 3 11 29 31 21 1 20 13 15 2 16 18 14 8 7 25 9 23 10 27 5 12 24 4 26 28 6 15.3957
0 17 18 16 15 2 13 20 1 23 10 27 5 12 24 4 26 28 30 19 22 3 6 29 31 21 9 25 7 8 14 11 15.413
0 17 18 16 15 2 13 20 1 23 10 27 5 12 24 4 26 28 30 19 22 3 6 29 31 21 9 25 7 8 14 11 15.413
0 17 30 14 8 11 13 20 1 21 31 29 6 3 2 9 25 7 16 19 22 15 18 28 26 4 24 12 5 27 10 23 15.4607
0 17 30 18 13 2 15 16 8 7 25 9 23 10 27 28 26 19 22 3 6 29 31 21 1 20 5 12 24 4 14 11 15.5397
0 17 30 19 24 3 22 29 31 21 1 20 13 7 25 6 2 15 16 18 28 26 4 12 5 27 10 23 9 8 14 11 15.5613
0 17 30 19 22 3 6 29 31 21 1 20 13 25 9 23 10 27 5 12 7 8 2 24 26 16 14 11 18 4 28 15 15.5617
0 17 30 19 22 23 6 29 31 21 1 20 13 2 15 16 18 28 26 4 24 12 5 27 10 3 9 25 7 8 14 11 15.5706
0 17 21 31 28 26 4 5 12 24 27 10 23 9 25 7 8 29 6 3 22 19 30 1 20 13 2 15 16 18 14 11 15.5757
0 17 16 26 4 24 12 5 27 10 23 9 25 2 15 30 18 28 19 22 3 6 29 31 21 1 20 13 7 8 14 11 15.6032
0 17 30 19 22 3 6 29 24 12 5 27 10 23 9 25 13 7 26 4 31 21 1 20 2 15 16 18 28 8 14 11 15.6036
0 17 7 25 9 31 29 6 3 22 19 30 8 28 18 16 15 2 13 20 1 21 23 10 27 5 12 24 4 26 14 11 15.61
0 17 30 19 22 3 9 29 31 21 1 20 13 2 15 16 18 28 26 4 24 12 5 27 10 23 6 25 7 8 14 11 15.6469
0 17 30 19 22 24 12 5 27 10 1 20 13 2 15 16 18 28 26 3 6 29 31 21 4 23 9 25 7 8 14 11 15.678
0 17 30 23 10 2 28 18 16 15 26 13 20 1 21 31 29 6 3 22 19 9 25 27 4 24 12 5 7 8 14 11 15.7078
0 17 30 19 22 3 6 29 31 26 28 21 4 24 12 5 27 10 18 16 15 2 13 20 1 23 9 25 7 8 14 11 15.7276
0 17 30 19 22 3 6 29 31 26 28 21 4 5 1 20 13 2 8 15 16 18 24 12 27 10 23 9 25 7 14 11 15.732
0 17 30 9 25 7 19 22 3 6 29 31 21 1 20 13 2 12 24 4 15 16 11 23 26 28 18 5 10 27 8 14 15.7384
0 19 30 17 22 10 23 9 25 7 1 20 13 2 15 16 18 28 26 4 24 12 5 27 3 6 29 31 21 8 14 11 15.743
0 21 1 20 13 2 15 16 18 10 23 9 25 7 8 14 17 30 19 22 27 5 12 24 4 26 28 3 6 29 31 11 15.7631
0 17 30 19 22 3 6 15 31 24 4 26 28 18 10 27 5 12 8 7 25 9 23 16 2 13 20 1 21 29 14 11 15.7639
0 17 30 19 22 23 6 29 31 21 1 20 13 2 15 16 18 28 3 26 4 24 12 5 27 10 9 25 7 8 11 14 15.773
0 25 18 28 26 4 24 12 5 27 10 20 13 2 15 16 30 19 22 3 6 29 31 21 1 23 9 17 7 8 14 11 15.7756
0 17 30 19 22 18 28 26 4 24 12 5 27 10 3 9 23 6 29 31 21 1 20 13 2 15 16 25 7 8 14 11 15.8171
0 15 18 28 26 4 24 12 5 27 10 23 9 25 1 21 31 29 6 3 22 19 30 16 17 7 20 13 2 8 14 11 15.8292
0 17 30 19 6 3 22 29 31 21 1 11 14 8 7 25 9 2 13 20 23 10 27 5 12 24 18 16 15 28 4 26 15.8299
0 17 30 19 22 28 23 26 4 24 12 5 27 10 9 25 7 3 6 29 31 21 1 20 13 2 15 16 18 8 14 11 15.8488
0 17 30 19 22 3 6 29 10 24 12 28 26 4 23 9 25 7 8 31 21 1 20 13 2 15 16 18 5 27 14 11 15.8513
0 17 30 19 22 3 6 29 31 21 1 20 13 2 15 16 18 28 26 24 27 8 11 5 25 7 23 9 10 14 12 4 15.8873
0 5 18 16 15 2 13 20 1 8 10 23 9 25 7 14 17 30 19 22 3 6 29 31 21 27 28 26 4 24 12 11 15.9261
0 17 30 19 22 12 6 29 11 14 8 7 25 9 23 10 24 4 26 28 18 16 15 2 13 20 1 21 31 3 5 27 15.9667
0 17 14 8 1 25 9 23 10 27 5 12 24 11 4 26 28 18 16 15 2 13 20 7 21 31 29 6 3 22 19 30 15.9756
0 17 16 18 28 19 30 10 9 7 25 27 5 12 24 4 26 22 3 6 29 31 21 1 20 13 2 15 23 8 14 11 15.978
0 17 30 19 22 3 6 29 24 12 5 27 10 4 13 2 15 16 18 28 26 7 20 31 21 1 23 9 25 8 14 11 15.9784
0 7 8 14 19 22 3 6 29 31 21 1 20 13 25 17 30 28 26 4 24 12 5 18 27 10 23 9 2 15 16 11 15.9842
0 17 30 19 22 2 6 29 31 21 1 20 13 3 15 16 18 28 26 4 11 14 8 7 25 9 23 10 27 5 12 24 16.0012
0 12 24 4 26 28 18 16 15 29 13 20 1 21 31 2 6 3 22 19 30 17 5 27 10 23 9 25 7 8 14 11 16.0024
0 17 28 26 4 24 12 8 14 10 23 9 25 7 5 27 16 18 30 19 22 3 6 29 31 21 1 20 13 2 15 11 16.0068
0 17 30 19 22 3 13 29 31 21 1 20 4 24 12 5 27 10 23 6 2 15 16 18 28 26 9 25 8 7 14 11 16.0294
0 28 26 4 24 12 8 14 10 23 9 25 7 5 27 16 18 17 30 19 22 3 6 29 31 21 1 20 13 2 15 11 16.0372
0 29 17 30 19 22 3 6 31 21 1 20 13 2 15 16 18 4 24 27 9 8 7 25 5 28 26 12 10 23 14 11 16.0655
0 17 30 10 22 3 6 29 31 21 1 2 15 28 26 4 24 12 5 27 23 9 25 18 16 13 20 19 7 8 14 11 16.0789
0 17 7 25 9 18 10 30 19 22 3 6 29 31 21 1 20 13 2 15 16 23 28 26 4 24 12 5 27 8 14 11 16.1115
0 10 11 6 4 17 30 19 22 3 29 31 21 1 20 13 2 15 16 18 28 26 24 12 5 27 23 9 25 7 8 14 16.2037
0 17 30 19 22 3 6 10 31 21 1 20 13 2 15 16 18 28 26 4 24 12 5 27 29 23 9 25 7 8 14 11 16.2248
0 17 9 10 5 27 7 14 8 25 18 16 15 2 13 20 1 21 31 29 6 3 22 19 30 28 26 4 24 12 23 11 16.2587
0 17 30 19 22 3 6 29 31 4 1 20 13 2 15 16 18 28 26 21 24 7 5 27 10 12 23 9 25 8 14 11 16.3085
0 2 15 16 18 28 26 4 24 12 5 27 31 21 20 13 17 30 19 22 3 6 29 10 23 9 25 7 1 8 14 11 16.3235
0 2 15 16 18 28 26 4 24 12 5 27 31 21 20 13 17 30 19 22 3 6 29 10 23 9 25 7 1 8 14 11 16.3235
0 17 27 5 12 9 23 24 21 31 29 6 3 22 19 30 1 20 13 2 15 25 8 16 18 28 26 4 10 7 14 11 16.4433
0 17 30 19 22 26 4 24 12 5 29 31 21 1 20 13 2 15 16 8 27 10 23 9 25 7 18 28 3 6 14 11 16.4864
0 17 30 28 26 4 24 21 31 29 6 3 22 2 15 16 18 10 13 20 1 19 12 5 27 23 9 25 7 8 14 11 16.6033
0 17 30 10 22 3 6 29 19 21 1 2 15 25 9 23 31 16 18 28 26 4 24 12 5 27 20 13 7 8 14 11 16.663
0 17 30 19 10 27 5 12 24 14 26 28 18 16 15 2 13 20 1 21 31 29 6 3 22 23 9 25 7 8 4 11 16.6783
0 17 30 19 22 3 6 29 31 21 1 4 24 27 8 15 16 18 23 9 25 7 20 13 2 12 5 10 28 26 14 11 16.7228
0 17 30 19 22 3 6 29 31 21 1 20 13 2 15 16 18 28 26 4 11 10 12 25 14 27 9 7 5 24 8 23 16.7234
0 17 30 16 18 28 26 24 12 5 27 11 14 8 7 25 19 22 4 3 6 29 31 21 1 20 13 2 15 9 23 10 16.7275
0 17 30 11 10 8 14 5 7 9 27 24 26 28 18 16 15 2 13 4 20 1 21 31 29 6 3 22 19 23 12 25 16.7714
0 17 7 25 24 23 10 27 5 12 9 4 26 30 19 22 3 6 29 31 21 1 20 13 2 15 16 18 28 8 14 11 16.7905
0 15 28 17 20 1 30 19 22 3 6 29 31 21 13 2 16 18 26 4 24 12 5 27 10 23 9 25 7 14 8 11 16.8463
0 18 28 26 4 24 12 5 27 10 23 9 25 7 8 14 17 22 11 29 21 13 30 19 3 6 31 1 20 2 15 16 16.8957
0 17 30 19 22 3 6 29 31 21 1 9 11 14 2 20 12 24 13 23 26 15 16 18 28 4 5 27 10 25 7 8 16.9342
0 30 18 26 4 24 12 5 27 10 23 9 25 7 8 14 28 17 16 19 22 3 6 29 31 21 1 20 13 2 15 11 16.949
0 17 30 27 10 23 9 25 7 8 18 28 26 11 12 14 19 22 3 6 29 31 21 1 20 13 2 15 16 24 5 4 16.9624
0 17 30 19 22 3 6 29 31 21 1 9 11 14 26 23 13 24 12 20 2 15 16 18 28 4 5 27 10 25 7 8 16.9766
0 17 30 19 22 3 6 29 31 21 1 20 13 2 15 16 18 28 26 4 8 12 9 25 5 23 11 10 7 14 27 24 16.977
0 11 2 13 25 14 1 21 31 29 6 3 22 19 30 15 9 23 10 27 5 12 24 4 26 28 18 16 17 8 20 7 17.0081
0 24 6 26 2 17 30 19 22 3 29 31 21 1 20 13 7 25 9 23 10 27 5 12 4 28 18 16 15 8 14 11 17.0937
0 17 30 16 18 28 26 4 24 10 2 14 9 15 23 25 27 13 19 22 3 6 29 31 21 1 20 12 5 7 8 11 17.0996
0 18 28 22 3 6 29 31 21 1 20 13 2 23 8 14 17 30 19 26 4 24 12 5 27 25 7 9 10 15 16 11 17.1208
0 17 30 6 3 14 8 7 25 9 23 10 15 16 18 28 26 4 24 12 5 22 27 19 29 31 21 1 20 13 2 11 17.1403
0 17 30 28 26 4 24 12 5 27 10 23 9 25 7 8 18 19 22 14 3 6 29 31 21 1 13 11 20 2 15 16 17.1632
0 17 30 19 22 26 4 24 12 5 29 31 21 1 20 13 2 15 16 8 27 10 23 9 25 7 6 3 18 28 11 14 17.1894
0 18 28 26 4 5 7 9 14 25 8 11 27 24 23 10 17 30 19 22 3 6 29 31 21 1 20 13 2 15 16 12 17.2024
0 17 30 19 22 3 6 29 31 21 1 27 13 2 15 16 18 28 26 23 9 25 7 8 14 5 20 10 4 24 12 11 17.2946
0 17 30 19 22 3 6 29 31 21 1 20 13 2 15 16 18 28 26 25 7 27 11 14 8 12 5 10 9 4 23 24 17.36
0 17 30 19 22 3 6 29 13 2 23 9 25 7 8 14 24 12 31 21 1 5 15 16 18 28 26 4 20 27 10 11 17.3641
0 17 30 19 22 3 6 29 31 1 21 20 13 2 15 16 18 28 7 23 10 5 12 27 9 11 24 25 4 26 8 14 17.4152
0 17 30 28 26 4 12 5 27 10 8 7 25 9 23 14 16 18 19 22 3 6 29 31 21 11 24 1 20 13 2 15 17.484
0 17 30 5 12 3 22 19 16 18 28 14 8 7 25 9 23 10 27 24 15 2 13 26 4 6 29 31 21 1 20 11 17.5724
0 17 30 19 22 3 6 29 31 21 26 14 8 2 16 7 25 9 23 10 27 5 12 24 4 15 13 20 11 1 28 18 17.6383
0 17 30 19 10 27 5 12 24 14 26 28 18 16 15 2 13 20 1 21 31 29 6 3 22 4 9 11 8 23 25 7 17.7087
0 18 28 26 2 13 20 1 21 31 17 8 7 24 16 15 4 11 14 30 19 22 3 6 29 12 5 27 10 23 9 25 17.7152
0 17 30 19 22 3 6 29 31 21 1 20 13 2 15 16 18 28 9 23 4 24 7 14 8 25 26 10 5 12 27 11 17.7801
0 17 30 19 22 3 6 29 31 25 1 20 13 2 12 5 27 10 23 9 21 7 8 14 15 11 18 28 26 4 24 16 17.7852
0 18 28 6 29 31 21 1 27 10 23 9 25 7 8 16 17 30 19 22 3 26 4 24 12 5 20 13 2 15 14 11 17.7894
0 10 23 12 15 27 30 22 24 17 19 3 6 29 31 21 1 20 13 2 16 18 28 26 4 5 9 25 7 8 14 11 17.8725
0 17 30 19 22 3 6 29 14 8 7 25 13 10 9 27 11 12 26 28 31 21 1 20 2 15 16 18 4 24 5 23 17.9122
0 17 30 19 16 3 6 29 31 21 1 20 13 2 15 22 18 28 26 4 24 12 11 10 25 14 27 9 7 5 8 23 17.94
0 11 14 8 7 25 9 23 10 27 17 5 1 20 13 2 15 24 18 28 12 16 4 26 30 3 22 19 6 29 31 21 17.9418
0 17 22 3 6 29 31 21 1 20 13 4 18 16 15 2 30 19 10 27 5 12 24 14 26 28 23 9 25 7 8 11 17.9593
0 17 8 12 9 25 5 23 28 18 1 15 2 13 20 16 21 31 29 6 30 19 22 3 26 4 24 27 10 7 14 11 18.0457
0 17 30 19 22 3 6 29 31 21 1 20 13 2 15 16 9 28 26 7 14 18 5 12 27 24 4 23 25 8 10 11 18.1335
0 19 1 21 18 20 30 28 17 22 3 6 29 31 13 2 15 16 26 4 24 12 5 27 10 23 9 25 7 8 14 11 18.1562
0 31 13 2 15 16 18 28 26 4 17 30 24 12 5 27 29 21 1 20 19 22 3 6 8 7 23 9 25 10 14 11 18.1916
0 17 30 18 28 26 19 22 3 6 29 31 21 1 20 13 2 15 16 23 7 10 12 9 8 24 5 25 4 27 14 11 18.2011
0 17 30 19 22 3 6 29 31 21 10 16 15 2 13 20 1 27 5 12 24 14 26 28 18 23 9 25 7 8 4 11 18.2167
0 10 23 12 15 27 30 21 24 14 25 17 19 3 6 29 31 22 1 20 13 2 16 18 28 26 4 5 9 7 8 11 18.2195
0 17 30 19 22 3 9 29 31 21 1 20 13 4 24 12 5 27 10 2 15 16 18 28 26 23 6 25 7 8 14 11 18.2618
0 17 30 19 22 3 18 28 31 21 1 20 13 2 8 15 16 6 29 26 4 24 12 5 23 14 7 25 11 27 9 10 18.6999
0 17 30 19 22 3 27 29 31 21 1 20 13 2 15 16 11 14 8 7 25 9 23 10 6 5 12 24 4 18 28 26 18.7685
0 29 11 31 17 20 13 2 15 16 18 28 21 1 30 19 22 3 6 26 4 24 12 5 27 10 23 9 25 7 8 14 18.8163
0 17 30 19 15 16 11 7 25 9 27 5 12 24 23 20 2 13 10 1 4 26 28 18 22 3 6 29 31 21 14 8 18.9178
0 15 9 17 30 19 22 3 10 29 31 21 1 20 13 2 16 18 28 26 4 24 12 5 27 6 23 25 7 8 14 11 18.9416
0 18 28 26 4 24 30 19 27 10 23 9 25 7 8 14 17 12 5 22 3 6 29 31 21 1 20 13 11 2 16 15 18.9676
0 17 30 19 22 3 6 29 31 21 1 20 13 2 15 16 18 14 25 5 7 27 23 4 24 9 8 26 12 28 10 11 19.0004
0 17 15 2 22 3 6 29 31 21 26 28 18 16 30 23 10 27 5 12 24 4 1 25 9 19 11 8 7 20 13 14 19.1047
0 15 18 28 26 4 24 11 19 22 3 6 29 31 21 8 13 30 12 5 27 10 23 9 25 7 17 16 1 14 20 2 19.2697
0 17 30 19 22 3 6 29 31 21 1 20 13 2 15 16 26 28 11 10 12 25 14 27 9 7 5 24 8 4 18 23 19.4664
0 28 26 4 24 12 5 31 10 23 9 25 7 8 15 16 18 17 30 19 22 3 6 29 27 21 1 20 13 2 14 11 19.6209
0 17 20 13 29 11 31 3 14 8 7 25 4 26 28 18 16 15 2 1 21 6 22 19 30 5 27 10 23 9 24 12 19.6274
0 28 10 30 2 14 17 9 15 16 18 26 19 22 3 6 29 31 21 1 20 13 4 24 12 5 27 23 25 7 8 11 19.8758
0 11 17 30 19 22 3 6 29 31 21 1 20 13 2 4 9 28 5 15 12 23 10 8 27 24 26 25 14 16 18 7 20.008
0 17 4 24 6 7 9 19 26 15 30 22 3 29 31 21 1 20 13 2 16 18 28 12 5 27 10 23 25 8 14 11 20.1162
0 17 24 4 26 15 11 29 31 21 1 20 13 2 6 3 22 12 5 27 25 7 9 10 30 19 28 18 16 23 8 14 20.1843
0 17 30 19 15 16 18 28 26 4 1 10 13 2 20 23 9 29 31 21 24 12 5 27 22 3 6 25 7 8 14 11 20.2833
0 17 30 19 22 3 6 29 31 21 1 20 13 2 15 16 18 26 8 28 12 7 9 10 11 24 25 27 4 14 5 23 20.3527
0 17 30 19 22 3 15 29 23 21 1 20 25 2 6 16 18 28 26 4 24 12 5 13 31 27 10 9 7 8 14 11 20.656
0 17 30 19 22 3 6 29 31 21 1 20 13 2 4 9 28 5 15 12 23 10 11 8 27 24 26 25 14 16 18 7 20.8408
0 14 30 19 22 3 10 28 20 1 21 31 29 6 2 17 9 15 16 18 26 23 25 27 4 24 13 12 5 7 8 11 20.9359
0 17 30 19 22 3 6 29 31 21 11 15 18 10 12 2 13 1 25 14 27 28 9 20 16 26 4 24 5 23 7 8 20.9569
0 11 17 30 19 22 3 13 28 26 4 24 12 5 16 29 21 23 7 10 2 25 15 6 31 1 20 27 9 8 18 14 21.0025
0 23 5 25 31 29 3 22 19 30 17 6 9 12 4 28 21 2 20 13 1 15 16 18 26 24 27 10 7 8 14 11 21.0054
0 5 18 7 17 30 19 22 3 24 29 31 21 1 20 13 2 15 16 28 26 4 6 12 9 25 8 23 10 27 14 11 21.1487
0 28 10 30 7 25 8 11 19 22 3 6 29 31 21 1 12 23 2 14 17 9 15 16 18 26 4 24 27 5 20 13 21.2905
0 17 30 19 22 3 6 29 31 21 7 20 25 27 11 14 8 9 28 10 23 26 5 12 1 13 2 15 16 18 4 24 21.4844
0 26 9 7 27 12 8 10 25 28 14 23 11 4 24 18 15 5 16 2 13 20 1 21 31 29 6 3 22 19 30 17 21.6588
0 17 14 8 7 25 28 23 30 19 22 12 6 29 31 21 1 20 13 2 15 16 3 18 9 26 4 24 5 27 10 11 21.7993
0 18 31 20 23 4 7 30 1 22 2 21 17 19 3 6 29 13 15 16 28 26 24 12 5 27 10 9 25 8 14 11 21.8136
0 17 25 8 14 3 13 2 15 16 7 27 20 21 1 18 5 30 19 22 6 26 4 28 29 31 24 12 10 23 9 11 22.0843
0 17 30 19 22 3 6 29 12 31 21 1 20 13 2 23 16 18 7 9 26 4 5 28 25 15 8 11 14 10 27 24 22.1333
0 17 30 19 22 3 6 29 31 25 7 27 11 14 8 28 12 5 26 2 18 10 9 20 1 21 4 16 23 24 15 13 22.1527
0 17 30 19 23 28 18 16 15 2 13 3 12 14 4 1 6 9 25 7 22 29 31 21 20 26 24 5 27 10 8 11 22.2774
0 21 31 23 4 7 10 2 26 25 5 27 13 6 17 30 19 22 29 3 1 20 15 16 18 28 24 12 9 8 14 11 22.3874
0 21 3 23 4 7 10 2 26 25 5 27 13 6 17 30 19 22 29 31 1 20 15 16 18 28 24 12 9 8 14 11 22.4158
0 29 11 31 3 20 16 26 4 24 5 27 23 9 25 22 6 21 1 15 18 10 12 2 13 28 30 17 19 7 8 14 22.4291
0 9 22 11 5 26 29 21 3 28 8 17 30 19 6 31 1 20 13 2 15 16 18 4 24 12 14 27 10 23 25 7 22.4458
0 17 30 11 19 22 3 13 28 26 4 24 12 5 16 29 27 2 25 9 21 31 6 7 8 14 1 23 10 15 18 20 22.4667
0 17 30 19 22 3 6 29 31 21 23 26 7 10 2 4 25 5 24 13 27 9 15 12 28 8 11 14 1 20 18 16 22.7879
0 17 30 19 22 3 6 29 31 21 1 9 11 14 26 28 8 10 16 23 13 24 27 18 15 7 4 12 20 25 5 2 23.2007
0 17 30 27 14 25 1 13 2 12 10 18 15 3 31 11 29 28 19 22 6 21 20 16 26 4 24 5 23 9 7 8 23.37
0 1 17 16 5 15 18 6 24 4 11 23 14 22 30 19 3 29 31 21 20 13 2 28 26 12 27 10 9 25 7 8 23.4671
0 17 30 19 22 3 6 29 31 21 4 24 7 9 26 15 16 5 8 10 13 25 28 20 14 1 18 27 12 23 11 2 23.792
0 21 3 23 26 7 10 2 12 18 16 15 13 31 29 9 28 8 30 17 19 6 22 1 20 4 24 5 27 25 14 11 23.8896
0 13 12 1 18 26 24 5 8 7 25 23 27 15 2 20 4 19 3 14 31 10 28 16 9 17 30 22 21 29 6 11 23.9466
0 17 30 8 7 25 9 23 10 19 22 3 6 15 31 5 1 20 13 26 28 21 4 24 12 14 2 29 16 18 27 11 24.0166
0 17 14 8 7 25 9 23 10 27 5 12 24 4 26 31 13 2 20 15 3 16 29 30 1 11 18 19 6 21 22 28 24.036
0 17 26 4 24 27 10 23 9 25 6 3 22 19 14 12 20 5 1 21 29 7 8 18 16 15 2 13 31 30 28 11 24.0439
0 17 30 19 22 3 6 29 31 21 1 24 26 10 13 25 4 2 7 28 8 27 20 9 23 5 11 12 18 15 16 14 24.1672
0 2 4 29 31 1 13 15 16 28 24 12 20 10 21 9 17 30 19 22 3 6 8 11 23 26 18 5 27 25 7 14 24.2994
0 17 30 19 22 3 6 29 1 21 18 20 28 26 14 7 12 25 24 5 8 31 23 2 15 4 11 27 9 10 16 13 24.3421
0 17 30 15 9 7 18 26 6 31 21 25 13 2 16 8 14 5 10 23 28 20 1 4 27 29 19 22 3 24 12 11 24.8106
0 21 3 23 26 7 10 2 4 25 5 24 17 15 19 30 22 6 29 31 1 20 13 12 27 9 8 28 18 16 14 11 24.8816
0 17 30 19 22 3 6 29 21 23 26 7 10 2 4 25 5 24 20 1 8 28 16 9 12 27 31 13 15 18 14 11 25.0784
0 13 10 9 27 11 25 12 29 7 14 26 17 30 19 22 3 6 8 5 23 24 4 28 18 16 15 31 21 1 20 2 25.1135
0 17 21 31 29 6 3 28 26 4 24 12 5 27 23 1 14 18 13 15 11 8 19 10 2 30 16 20 25 22 7 9 25.1921
0 17 30 10 22 3 6 29 31 21 1 2 15 27 28 9 7 16 5 24 8 4 11 18 12 13 25 14 19 20 26 23 25.2298
0 17 30 19 22 3 6 29 31 21 1 20 18 23 4 7 2 14 16 8 27 5 25 13 28 11 24 10 26 9 15 12 25.4018
0 31 13 2 5 17 20 12 1 21 6 22 19 30 29 8 7 25 9 23 10 24 26 28 18 14 4 15 3 27 16 11 25.4456
0 4 17 6 9 21 24 16 15 13 22 11 20 2 18 28 1 30 19 3 29 31 26 12 5 27 10 23 25 7 8 14 25.5621
0 17 30 19 22 3 6 29 31 10 23 12 15 27 24 14 25 13 26 8 11 21 28 9 5 7 1 2 20 4 16 18 25.6083
0 17 30 19 22 3 28 18 26 4 24 12 5 13 1 14 31 10 16 9 29 11 25 27 15 2 20 7 8 21 23 6 26.0184
0 9 22 11 14 26 29 21 15 2 19 28 4 16 27 23 13 24 12 5 25 7 8 10 20 18 1 17 30 31 6 3 26.4991
0 24 6 26 29 10 13 31 25 4 2 17 30 19 22 3 21 1 20 15 7 18 28 12 5 27 23 9 16 8 14 11 26.6429
0 18 28 26 4 24 12 5 27 17 30 19 16 15 2 13 3 14 1 6 8 20 23 7 21 10 29 22 9 11 25 31 26.7545
0 17 30 19 22 3 6 29 23 5 25 28 9 1 14 20 2 16 8 24 21 4 18 13 31 15 26 12 27 10 11 7 26.922
0 13 10 9 27 11 25 12 29 7 14 26 6 28 30 17 19 22 3 31 21 1 20 2 15 16 4 24 5 23 8 18 27.2194
0 17 30 19 22 3 6 29 21 23 26 7 10 2 4 25 5 24 20 1 8 28 16 9 31 14 27 13 11 12 18 15 27.4673
0 26 8 28 31 12 15 7 9 30 10 29 22 11 24 25 27 17 19 3 6 21 1 20 13 2 16 18 4 5 23 14 27.6107
0 9 22 11 14 26 29 21 23 13 24 12 5 25 7 8 10 20 18 27 16 4 28 19 2 15 1 17 30 31 6 3 27.7016
0 25 17 27 30 11 14 6 8 28 12 3 5 26 2 18 10 22 7 19 29 31 21 1 20 13 15 16 4 24 23 9 27.7128
0 27 9 29 1 7 5 14 3 22 15 6 20 2 19 4 17 13 16 8 10 30 31 21 18 28 26 24 12 23 25 11 27.841
0 9 22 11 14 26 29 21 23 13 24 12 5 25 7 8 10 18 20 27 16 4 28 19 2 15 1 17 30 31 6 3 28.0349
0 17 30 6 19 8 15 24 13 1 31 3 28 27 16 14 25 12 29 11 23 26 18 20 22 10 4 5 9 7 21 2 28.0654
0 15 9 7 18 26 6 31 21 25 13 2 16 8 14 5 10 23 28 17 20 1 4 27 29 30 19 22 3 24 12 11 28.1266
0 17 30 19 22 3 6 12 31 21 1 20 13 2 16 5 8 23 15 7 18 4 14 29 10 27 9 26 11 24 25 28 28.3342
0 2 11 18 10 1 24 21 8 26 7 27 9 12 4 28 25 5 23 31 29 6 3 22 19 30 17 16 15 13 14 20 28.6506
0 12 5 23 6 9 7 21 8 25 3 10 22 2 24 26 16 14 13 31 17 30 19 29 1 20 27 4 28 18 15 11 28.6932
0 11 24 13 16 28 31 23 25 15 26 14 7 27 9 10 12 22 20 29 18 17 30 19 3 6 21 4 1 2 8 5 28.7397
0 18 31 20 23 4 7 30 1 22 2 21 14 3 16 17 19 29 27 6 13 8 15 28 26 24 12 5 10 9 25 11 28.7593
0 8 14 27 16 19 31 24 12 20 3 26 28 18 29 17 10 30 13 15 5 4 22 6 7 2 9 21 1 23 25 11 28.8174
0 14 27 16 19 31 3 26 28 18 29 17 10 30 12 13 15 25 23 1 21 9 2 24 7 20 6 22 4 5 11 8 29.0195
0 14 27 16 19 31 3 26 28 18 29 17 10 30 12 13 15 25 23 1 21 9 2 24 7 20 6 22 4 5 11 8 29.0195
0 2 15 4 7 19 22 14 16 6 17 5 29 18 13 25 8 26 12 21 28 30 3 31 1 20 24 27 10 23 9 11 29.0357
0 12 25 11 13 23 21 30 19 22 31 7 5 18 28 4 20 2 9 3 14 17 29 1 24 26 16 27 15 8 10 6 29.0575
0 17 30 19 22 7 26 15 25 23 31 28 16 13 24 11 6 3 14 27 9 10 12 20 29 18 21 4 1 2 8 5 29.2965
0 1 14 3 6 18 21 13 15 5 16 4 28 25 11 20 26 17 30 24 7 27 8 19 10 12 22 29 31 2 23 9 29.6077
0 17 30 6 19 8 15 24 1 13 31 3 28 27 16 14 25 12 29 11 23 26 18 20 22 10 21 9 2 4 5 7 29.618
0 20 2 22 25 6 9 1 3 24 4 23 16 5 18 19 21 31 29 7 27 15 8 30 13 26 28 12 10 11 17 14 29.6837
0 25 7 2 15 16 22 6 10 23 24 26 21 28 9 29 8 27 4 18 31 17 14 13 30 11 5 3 12 1 20 19 29.7979
0 25 7 27 30 11 14 6 8 29 9 28 21 10 23 24 26 5 3 12 1 20 13 4 18 31 17 2 15 16 22 19 30.048
0 25 7 27 30 11 14 6 8 29 9 28 21 10 23 24 26 5 3 12 1 20 13 4 18 31 17 2 15 16 22 19 30.048
0 4 14 5 15 13 21 7 20 9 31 17 26 2 16 25 18 8 6 22 30 19 3 29 1 28 24 12 27 10 23 11 30.1848
0 31 13 2 5 16 27 3 15 4 14 12 20 17 29 30 1 6 22 19 8 24 26 9 18 28 21 10 23 25 7 11 30.2793
0 14 27 16 19 31 3 26 28 18 29 17 10 30 12 13 15 25 23 1 21 9 2 24 7 20 6 22 5 11 4 8 30.4052
0 18 31 20 23 4 7 30 1 22 2 21 14 3 16 17 19 29 27 6 13 8 15 28 26 24 12 25 10 9 5 11 30.7885
0 20 2 22 25 6 9 1 3 24 4 23 16 5 18 19 21 31 29 7 27 15 8 30 13 26 28 12 17 10 11 14 30.8806
0 20 2 22 25 6 9 1 3 24 4 23 16 5 18 19 21 31 29 7 27 15 8 30 13 26 12 28 10 11 17 14 30.9558
0 20 2 22 25 6 9 1 3 24 4 23 16 5 18 19 21 31 29 7 27 15 8 30 13 26 12 28 10 11 17 14 30.9558
0 11 8 2 1 19 3 17 4 21 30 6 18 29 20 22 12 10 9 27 7 14 26 15 24 13 16 28 31 23 25 5 30.9587
0 6 19 8 15 24 13 1 31 3 28 27 16 14 25 12 29 17 11 23 26 18 20 30 22 10 21 4 2 9 5 7 31.16
0 19 1 21 24 5 8 31 2 23 3 22 15 4 17 18 20 28 30 6 26 14 7 29 13 16 12 27 10 9 25 11 31.1876
0 12 25 14 17 29 1 24 26 16 27 5 18 7 10 22 19 9 20 8 21 3 6 23 4 31 2 28 15 30 11 13 31.3102
0 19 20 22 1 30 8 28 16 9 31 14 27 2 26 29 21 23 13 24 25 7 17 15 4 18 10 5 12 11 6 3 31.4652
0 17 30 19 22 27 6 26 2 4 25 23 9 20 10 21 11 8 13 12 15 24 14 28 5 29 3 16 18 31 1 7 31.5012
0 21 3 23 26 28 16 9 31 14 27 13 29 11 7 10 2 4 25 5 24 17 6 19 20 22 1 30 8 12 18 15 31.5971
0 11 24 13 16 28 31 23 25 15 26 14 7 27 9 10 12 22 20 29 18 6 30 21 4 17 3 19 1 2 8 5 31.6523
0 17 20 13 2 15 16 18 28 21 1 30 4 6 9 24 22 11 14 26 29 25 12 10 5 8 19 7 31 3 27 23 32.2121
0 29 11 31 3 15 18 10 12 2 13 1 25 14 27 28 30 9 7 16 5 24 17 8 22 4 21 6 19 20 26 23 32.2772
0 5 18 7 10 22 25 14 27 16 19 31 3 26 28 29 17 30 12 13 15 23 1 21 9 2 24 20 6 11 4 8 32.3281
0 10 23 12 15 27 30 22 29 14 25 13 6 26 8 9 11 21 19 28 17 5 24 20 3 16 2 18 31 1 7 4 32.4121
0 3 13 11 20 9 28 21 12 26 8 25 10 23 24 30 17 2 15 4 7 19 22 14 16 6 5 29 31 1 18 27 32.4307
0 27 9 29 1 13 16 8 10 31 11 30 23 12 25 26 28 7 5 14 3 22 15 6 20 2 19 21 18 4 17 24 32.4908
0 12 25 14 17 29 1 24 26 16 27 15 8 28 10 11 13 23 21 30 19 7 31 22 5 18 4 3 2 20 6 9 32.557
0 21 3 23 26 7 10 2 4 25 5 24 17 15 19 30 11 22 13 28 12 16 29 27 9 31 6 8 14 1 18 20 32.6555
0 10 23 12 15 22 30 27 24 14 25 13 6 26 19 8 11 18 20 21 9 2 4 5 7 17 1 16 29 28 3 31 33.1089
0 12 25 14 17 29 1 24 26 16 27 15 22 31 7 19 30 21 23 13 11 10 28 8 5 18 4 20 2 3 9 6 33.1296
0 10 23 12 15 27 30 22 24 14 25 13 6 31 18 20 4 7 26 8 9 11 21 19 28 17 5 3 29 16 2 1 33.1398
0 18 31 20 23 4 7 30 1 22 21 6 13 25 5 27 2 14 3 16 17 19 29 28 11 24 10 26 8 9 15 12 33.3362
0 23 5 25 28 9 12 4 6 27 7 26 19 8 21 22 31 13 3 1 10 30 18 11 17 29 20 2 15 16 24 14 33.5601
0 27 9 29 1 13 16 8 10 31 11 30 23 12 25 26 28 7 5 14 3 22 15 6 20 2 19 4 17 18 24 21 33.7739
0 25 23 28 21 6 22 24 10 19 26 8 18 9 11 1 29 16 27 3 15 4 14 12 20 5 2 13 31 30 17 7 33.8646
0 13 10 9 27 11 25 12 29 7 14 26 6 28 30 20 18 17 5 24 16 1 21 19 31 22 23 3 2 15 4 8 33.9182
0 10 11 6 4 17 13 2 21 14 5 25 23 24 12 15 30 27 26 8 28 31 7 9 29 22 16 3 18 1 19 20 33.9607
0 21 3 23 26 7 10 2 4 25 5 24 17 6 19 20 22 1 30 8 28 16 9 31 12 11 14 27 13 29 18 15 34.0156
0 5 18 7 10 22 4 6 16 15 29 11 28 31 12 23 25 17 19 9 20 8 24 1 21 3 14 13 26 27 2 30 34.0317
0 21 3 23 26 7 10 2 4 25 5 24 17 6 19 20 22 1 30 8 28 16 9 31 14 27 13 29 11 12 18 15 34.0937
0 15 28 26 24 2 17 20 1 4 27 29 19 30 18 11 31 13 14 16 22 10 3 25 8 21 7 23 5 6 12 9 34.1271
0 17 30 19 5 16 6 4 3 21 1 8 20 9 25 22 10 7 18 14 23 12 31 24 15 29 11 28 13 26 27 2 34.1753
0 1 30 19 22 15 28 17 20 4 27 29 18 11 31 13 14 16 26 24 2 10 9 12 3 25 8 21 7 23 5 6 34.221
0 2 15 4 7 19 22 14 16 6 17 5 29 18 31 1 3 13 11 20 24 28 25 10 21 8 9 12 26 23 30 27 34.2527
0 27 9 29 1 13 16 8 10 31 11 30 23 12 18 25 26 28 7 5 14 3 22 15 6 20 2 19 4 17 24 21 34.3208
0 8 21 10 13 24 18 17 4 19 2 20 6 27 9 29 1 16 31 11 30 23 12 25 26 28 7 5 14 3 22 15 34.4125
0 9 8 28 31 15 30 10 27 6 24 12 5 25 26 7 29 22 11 4 13 2 21 14 19 1 18 3 16 17 23 20 34.4198
0 22 1 30 8 28 16 9 31 14 27 13 29 11 12 18 21 3 23 26 7 10 2 4 25 5 24 17 6 19 20 15 34.4539
0 4 17 6 9 21 24 16 18 8 19 7 25 20 2 3 5 15 13 22 11 30 23 14 29 1 26 12 27 10 28 31 34.4616
0 6 19 8 11 23 26 18 20 10 21 9 2 22 1 5 7 17 15 24 25 27 30 14 29 28 3 12 4 13 31 16 34.4835
0 22 1 15 28 14 30 11 3 5 26 6 25 10 4 24 27 8 12 13 19 7 20 21 23 18 2 31 9 29 17 16 34.5037
0 2 15 4 7 19 22 14 16 6 17 5 29 18 31 1 3 13 11 20 9 28 21 12 26 8 25 10 23 24 30 27 34.5438
0 2 15 4 7 19 22 14 16 6 17 5 29 18 31 1 3 13 11 20 9 28 21 12 26 8 25 10 23 24 30 27 34.5438
0 30 12 1 4 16 19 11 13 3 14 2 26 15 28 29 31 10 22 5 23 9 18 25 6 17 8 7 20 21 27 24 34.6498
0 4 16 5 15 13 21 7 20 9 31 17 26 2 14 25 18 8 6 22 11 19 27 24 23 10 29 3 30 12 28 1 34.6646
0 17 27 26 8 28 31 7 9 29 16 3 18 1 5 14 21 2 13 4 6 11 10 22 19 30 15 12 23 24 25 20 34.7969
0 4 17 6 9 21 24 16 15 13 22 11 30 1 14 28 26 29 25 12 27 5 18 8 19 7 31 20 2 3 10 23 34.8336
0 10 23 12 15 27 30 22 24 14 25 13 6 26 8 9 11 21 19 28 17 5 29 20 3 16 2 18 31 1 7 4 34.9906
0 10 23 12 15 27 30 22 24 14 25 13 6 26 8 9 11 21 19 28 17 5 29 20 3 16 2 18 31 1 7 4 34.9906
0 18 31 20 23 4 27 5 25 13 6 28 11 24 10 26 19 29 8 7 30 1 22 2 21 14 3 16 17 9 15 12 35.0307
0 6 19 8 11 23 17 7 15 24 13 1 25 28 27 14 29 12 30 16 5 4 22 2 9 21 10 20 18 26 3 31 35.0333
0 6 19 8 11 23 26 18 20 10 21 9 2 22 4 5 7 17 15 24 13 1 25 16 30 12 29 14 27 28 3 31 35.062
0 6 19 8 11 23 26 18 20 10 21 9 2 22 4 5 7 17 15 24 13 1 25 16 30 12 29 14 27 28 3 31 35.062
0 6 19 8 11 23 26 18 20 10 21 9 2 22 4 5 7 17 15 24 13 1 25 16 30 12 29 14 27 28 3 31 35.062
0 12 25 14 17 24 1 29 26 16 27 15 8 28 10 11 13 23 21 30 19 7 31 22 5 18 4 20 2 3 9 6 35.0986
0 19 1 21 24 5 8 31 2 23 3 22 15 4 17 18 20 28 30 6 26 14 7 29 12 25 11 27 9 10 16 13 35.1301
0 15 28 17 20 1 4 27 29 19 30 18 11 31 13 14 16 21 26 24 2 22 10 3 25 8 7 23 5 6 12 9 35.3101
0 4 15 2 7 19 22 14 16 6 17 5 29 18 31 1 3 13 21 28 30 12 10 8 27 20 11 25 24 9 23 26 35.3226
0 17 4 24 6 7 9 19 26 15 3 31 16 29 30 5 8 21 1 13 25 28 20 14 10 18 27 22 12 23 11 2 35.4009
0 26 8 28 31 19 1 18 3 16 17 13 24 25 27 21 14 5 12 15 7 9 30 10 29 22 11 2 6 4 23 20 35.4172
0 15 28 17 20 1 4 27 29 19 30 18 11 31 13 14 16 26 24 2 22 23 5 6 12 21 7 10 3 25 8 9 35.499
0 8 21 10 13 24 18 17 4 19 2 20 6 27 9 29 26 28 3 12 15 7 30 22 11 25 14 5 1 31 16 23 35.5785
0 23 5 25 28 9 12 4 6 27 7 26 19 8 21 22 24 3 1 10 30 18 11 2 17 29 31 20 13 15 16 14 35.6204
0 19 1 21 24 5 8 31 2 23 3 22 15 4 25 28 12 9 6 27 7 26 10 30 18 11 16 29 13 14 20 17 35.6792
0 7 20 9 12 24 27 29 11 31 3 15 18 10 2 13 1 25 14 28 30 16 5 17 8 22 4 21 6 19 26 23 35.6794
0 5 18 7 10 22 25 17 19 9 20 8 1 21 3 4 6 16 14 23 12 31 24 15 29 11 28 13 26 27 2 30 35.7046
0 28 10 30 7 16 23 4 15 6 8 29 27 26 13 24 31 12 1 2 14 17 9 25 19 18 5 21 3 20 11 22 35.7432
0 19 1 21 24 5 8 31 2 23 3 22 15 4 17 18 20 30 28 6 26 14 7 29 12 25 11 27 9 10 16 13 35.7435
0 19 1 21 24 5 8 31 2 23 3 22 15 4 17 18 20 30 28 6 26 14 7 29 12 25 11 27 9 10 16 13 35.7435
0 18 31 20 23 4 7 30 1 22 2 21 14 3 16 17 19 29 27 5 25 13 6 28 11 24 10 26 8 9 15 12 35.7592
0 18 31 20 23 4 7 30 1 22 2 21 14 3 16 17 19 29 27 5 25 13 6 28 11 24 10 26 8 9 15 12 35.7592
0 18 31 20 23 4 7 30 1 22 2 21 14 3 16 17 19 29 27 5 25 13 6 28 11 24 10 26 8 9 15 12 35.7592
0 10 23 12 13 27 30 22 24 14 25 15 11 26 8 9 6 21 19 28 17 5 29 20 3 16 2 18 31 1 7 4 35.7604
0 19 29 27 5 25 13 6 28 11 24 10 26 8 9 15 18 31 20 23 4 7 30 1 22 2 21 14 3 16 17 12 35.7799
0 15 28 17 20 1 4 27 29 19 30 18 11 31 13 14 16 26 24 2 22 10 3 25 8 21 7 23 5 6 12 9 35.8526
0 15 28 17 20 1 4 27 29 19 30 13 31 11 18 14 16 26 24 2 22 10 3 25 8 21 7 23 5 6 12 9 35.8696
0 18 31 20 23 4 7 30 1 22 2 21 14 3 16 17 19 29 27 5 25 13 6 10 12 9 24 26 8 15 11 28 35.8874
0 23 5 25 16 2 11 18 30 20 1 3 24 22 21 8 19 26 7 27 6 4 12 9 28 29 15 31 13 14 10 17 35.9918
0 29 11 15 28 17 20 1 4 27 19 30 18 31 13 14 16 26 24 2 22 10 3 25 8 21 7 23 5 6 12 9 36.0176
0 19 1 21 24 5 8 31 2 23 3 17 4 22 15 6 26 29 18 20 30 28 14 7 12 25 11 27 9 10 16 13 36.1422
0 4 17 6 9 21 24 16 18 8 19 7 31 20 2 3 5 15 13 22 11 30 23 14 28 10 27 12 25 26 1 29 36.1856
0 15 28 17 2 1 4 27 29 19 30 18 20 11 31 13 14 16 26 24 22 10 3 25 8 21 5 23 7 6 12 9 36.2697
0 19 1 21 24 5 8 31 2 23 3 22 15 9 17 18 20 25 11 27 26 14 7 29 12 30 28 6 4 10 16 13 36.3146
0 12 6 19 8 11 23 26 18 20 10 21 9 2 22 4 5 7 17 15 24 13 1 25 16 30 29 3 28 14 27 31 36.4162
0 8 21 19 1 24 5 31 2 23 3 22 15 4 17 18 20 30 28 6 26 14 7 29 12 25 11 27 9 10 16 13 36.512
0 2 16 3 20 29 5 17 28 19 21 11 9 8 26 6 13 30 27 15 22 24 14 25 12 23 10 18 31 1 7 4 36.5935
0 24 6 26 29 10 13 5 7 28 8 27 20 9 22 23 25 4 30 11 14 21 3 12 1 18 31 17 2 15 16 19 36.6943
0 4 17 6 9 21 24 16 18 8 19 7 31 20 26 23 14 28 10 27 12 25 1 2 3 5 15 13 22 11 30 29 36.7211
0 28 10 30 2 14 17 9 11 1 12 31 24 13 26 27 29 8 6 15 4 23 16 7 21 3 20 5 18 22 25 19 36.827
0 22 25 19 18 5 20 3 21 7 16 6 15 4 23 13 26 27 29 8 28 10 30 2 14 17 9 11 1 12 31 24 37.1245
0 28 10 30 2 14 17 9 11 1 12 31 24 13 26 27 16 7 21 3 20 5 18 19 25 29 8 6 15 4 23 22 37.1966
0 16 29 18 21 2 5 28 30 20 22 19 12 1 14 15 17 31 27 25 3 23 11 4 26 9 8 24 6 7 13 10 37.2566
0 6 19 8 11 23 26 18 20 10 21 9 2 22 4 5 7 17 15 24 13 1 25 16 30 12 29 14 27 31 28 3 37.3307
0 8 21 10 13 25 28 20 22 12 23 11 4 24 6 7 9 19 17 26 15 3 27 18 1 14 31 16 29 30 5 2 37.3491
0 8 21 10 13 25 28 20 22 12 23 11 4 24 6 7 9 19 17 26 15 3 27 18 1 14 31 16 29 30 5 2 37.3491
0 22 4 24 27 8 11 3 5 26 6 25 18 12 30 14 28 15 1 10 17 29 9 31 2 23 21 20 7 13 19 16 37.4155
0 26 8 28 31 12 15 7 9 30 10 29 22 11 24 25 27 6 4 13 2 21 14 5 19 1 18 3 16 17 23 20 37.4188
0 23 2 11 18 15 29 16 27 6 4 12 9 28 25 5 7 26 19 8 21 22 24 3 1 10 30 31 13 14 20 17 37.4193
0 23 2 11 18 15 29 16 27 6 4 12 9 28 25 5 7 26 19 8 21 22 24 3 1 10 30 31 13 14 20 17 37.4193
0 28 10 30 2 14 17 9 11 1 12 31 24 13 26 27 29 8 6 15 4 23 16 7 21 3 20 5 18 19 25 22 37.4231
0 28 10 30 2 14 17 9 11 1 12 31 24 13 26 27 29 8 6 15 4 23 16 7 21 3 20 5 18 19 25 22 37.4231
0 28 10 30 2 14 17 9 11 1 12 31 24 13 26 27 29 8 6 15 4 23 16 7 21 3 20 5 18 19 25 22 37.4231
0 19 13 12 30 14 28 15 1 10 17 29 9 31 2 23 21 20 7 18 25 6 26 5 3 11 8 27 24 4 22 16 37.5195
0 13 26 15 18 30 2 25 27 17 28 16 9 29 11 12 14 24 22 31 20 8 1 23 6 19 5 21 3 4 10 7 37.5947
0 13 26 15 18 30 2 25 27 17 28 16 9 29 11 12 14 24 22 31 20 8 1 23 6 19 5 21 3 4 10 7 37.5947
0 24 6 26 29 10 13 5 7 28 8 27 25 9 22 23 20 4 2 11 31 19 12 3 17 30 16 1 14 15 21 18 37.9047
0 25 16 29 18 21 2 5 28 30 20 31 19 12 1 14 15 17 27 3 23 11 4 26 9 22 8 24 6 7 13 10 37.9089
0 1 19 30 6 18 7 17 10 29 22 13 27 9 26 11 4 14 12 21 15 23 20 8 5 16 3 2 24 25 31 28 37.9477
0 13 26 15 18 30 20 25 27 17 28 16 9 3 21 5 19 6 23 1 8 2 31 22 24 14 12 11 29 4 10 7 37.9544
0 22 4 24 27 8 11 3 5 26 6 25 18 7 20 21 23 2 31 9 29 17 10 1 15 28 14 30 12 13 19 16 37.9913
0 22 4 24 27 8 11 3 5 26 6 25 18 7 20 21 23 2 31 9 29 17 10 1 15 28 14 30 12 13 19 16 37.9913
0 23 5 25 28 10 1 18 31 9 8 26 6 21 2 30 7 20 4 22 14 3 16 17 19 27 29 13 11 24 15 12 38.0145
0 16 29 18 21 2 5 28 30 20 31 19 12 1 14 15 17 27 25 3 23 11 4 26 9 22 8 24 6 7 13 10 38.0329
0 26 8 28 3 12 15 7 9 30 10 29 22 11 24 25 21 13 18 17 4 19 2 20 6 27 1 16 31 23 5 14 38.1465
0 3 16 5 8 20 23 15 17 7 18 6 30 19 1 2 4 14 12 21 10 29 22 13 27 9 26 11 24 25 31 28 38.2181
0 3 16 5 8 20 23 15 17 7 18 6 30 19 1 2 4 14 12 21 10 29 22 13 27 9 26 11 24 25 31 28 38.2181
0 3 16 5 8 20 23 15 17 7 18 6 30 19 1 2 4 14 12 21 10 29 22 13 27 9 26 11 24 25 31 28 38.2181
0 3 16 5 8 20 23 15 17 7 18 6 30 19 1 2 4 14 12 21 10 29 22 13 27 9 26 11 24 25 31 28 38.2181
0 7 20 9 12 24 27 19 21 11 22 10 3 26 17 31 23 5 6 8 18 16 25 14 2 13 30 15 28 29 4 1 38.281
0 29 28 15 30 13 31 17 26 2 14 25 16 18 7 20 9 12 24 27 19 21 11 22 10 3 23 5 6 8 4 1 38.3012
0 12 3 16 5 8 20 23 15 17 7 18 6 30 19 1 2 4 14 21 10 29 22 13 27 9 26 11 24 25 31 28 38.3578
0 7 20 9 12 17 26 2 14 25 16 18 8 6 5 23 3 24 27 19 21 11 22 10 30 29 28 1 13 4 31 15 38.5251
0 7 20 9 12 17 26 2 14 25 16 18 8 6 5 23 3 24 27 19 21 11 22 10 30 29 28 1 13 4 31 15 38.5251
0 7 20 9 12 3 28 5 6 8 18 16 31 13 30 15 23 17 26 2 14 25 24 27 19 21 11 22 10 29 4 1 38.9079
0 31 21 8 23 6 24 10 19 26 7 18 9 11 1 30 29 16 27 3 15 4 14 12 20 17 5 2 13 22 28 25 39.0101
0 31 13 2 5 17 20 12 14 4 15 3 27 16 29 30 1 11 9 18 7 26 19 10 24 6 23 8 21 22 28 25 39.0194
0 24 6 26 29 10 13 5 7 28 8 27 20 9 22 23 25 4 2 11 31 19 12 3 17 30 16 1 14 15 21 18 39.0731
0 16 29 18 21 2 20 30 28 5 31 19 12 1 14 15 17 27 25 3 23 11 4 26 9 6 7 24 22 8 13 10 39.1019
0 20 2 22 25 6 9 1 3 24 8 21 10 13 28 12 23 11 4 7 19 17 26 15 27 18 14 31 16 29 30 5 39.4486
0 7 20 9 12 17 26 2 14 25 24 27 19 21 11 22 10 3 28 5 6 8 18 16 31 13 30 15 23 29 4 1 39.5725
0 22 4 13 20 7 18 6 24 27 8 11 3 5 26 25 21 23 2 31 9 29 17 10 1 15 28 14 30 12 19 16 39.6388
0 18 31 20 23 4 7 6 19 8 11 1 22 24 15 17 5 3 16 30 2 14 12 21 10 29 13 27 9 26 25 28 40.6541
