23.4385
22.3347
19.8003
19.3903
18.7732
18.5383
17.6138
16.555
16.4082
15.8617
14.2127
14.2127
13.773
13.0692
12.7397
12.7397
12.5495
12.4908
12.215
12.1562
10.5391
10.403
10.403
10.403
10.3475
10.083
10.083
10.083
10.083
10.0466
10.0466
10.0388
9.86784
9.86784
9.82366
9.82366
9.82366
9.814
9.814
9.814
9.62059
9.62059
9.61093
9.61093
9.61093
9.61093
9.61093
9.61093
9.61093
9.61093
9.61093
9.61093
9.61093
9.61093
9.61093
9.61093
9.61093
9.61093
9.61093
9.61093
9.35427
9.35427
9.35427
9.35427
9.35427
9.35427
9.35427
9.35427
9.35427
9.35427
9.35427
9.35427
9.35427
9.35427
9.35427
9.35427
9.35427
9.35427
9.35427
9.35427
9.35427
9.35427
9.35427
9.35427
9.35427
9.35427
9.35427
9.35427
9.35427
9.35427
9.35427
9.35427
9.35427
9.35427
9.35427
9.35427
9.35427
9.35427
9.35427
9.35427
9.35427
9.35427
9.35427
9.35427
9.35427
9.35427
9.35427
9.35427
9.35427
9.35427
9.35427
9.35427
9.35427
9.35427
9.35427
9.35427
9.35427
9.35427
9.35427
9.35427
9.35427
9.35427
9.35427
9.35427
9.35427
9.35427
9.35427
9.35427
9.35427
9.35427
9.35427
9.35427
9.35427
9.35427
9.35427
9.35427
9.35427
9.35427
9.35427
9.35427
9.35427
9.35427
9.35427
9.35427
9.35427
9.35427
9.35427
9.35427
9.35427
9.35427
9.35427
9.35427
9.35427
9.35427
9.35427
9.35427
9.35427
9.35427
9.35427
9.35427
9.27331
9.27331
9.27331
9.27331
9.27331
9.27331
9.27331
9.27331
9.27331
9.27331
9.27331
9.27331
9.27331
9.27331
9.27331
9.27331
9.27331
9.27331
9.27331
9.27331
9.27331
9.27331
9.27331
9.27331
9.27331
9.27331
9.27331
9.27331
9.27331
9.27331
9.27331
9.27331
9.27331
9.27331
9.27331
9.27331
9.27331
9.27331
9.27331
9.27331
