31.0099
28.87
26.8941
25.2057
23.9216
22.8103
21.7648
20.8029
20.093
19.2658
18.5081
17.9818
17.4687
16.8514
16.2104
15.607
15.0421
14.5285
14.2016
13.8494
13.5227
13.3839
13.2601
12.9044
12.6073
12.2311
12.0424
12.0029
11.957
11.8855
11.7683
11.7812
11.822
11.8154
11.7325
11.6614
11.5488
11.5105
11.5559
11.2781
11.0634
11.0612
11.1531
11.3025
11.4251
11.2663
11.2104
11.0283
10.8154
10.6817
10.7729
10.7364
10.6317
10.6525
10.5941
10.3405
10.461
10.5863
10.6198
10.5097
10.4994
10.4134
10.3867
10.4174
10.483
10.5191
10.3811
10.3045
10.3097
10.3867
10.3496
10.3608
10.2506
10.2948
10.2468
10.2108
10.3508
10.2245
10.2147
10.2791
10.4538
10.3581
10.3268
10.3034
10.361
10.4206
10.3791
10.39
10.5116
10.4627
10.3017
10.215
10.2024
10.3244
10.3585
10.482
10.3935
10.4214
10.3024
10.4216
10.3268
10.4168
10.3198
10.2635
10.1984
10.3672
10.4943
10.425
10.4054
10.2992
10.2246
10.2574
10.4308
10.4195
10.3971
10.3302
10.3317
10.3001
10.4264
10.3649
10.4168
10.2969
10.2642
10.3839
10.3315
10.358
10.3268
10.3712
10.335
10.3863
10.2825
10.3119
10.3964
10.2369
10.3001
10.4727
10.4047
10.3632
10.2825
10.2472
10.2365
10.3712
10.2706
10.2235
10.2324
10.2598
10.2637
10.229
10.2316
10.2715
10.2494
10.2108
10.2539
10.2142
10.2184
10.342
10.3586
10.2713
10.3262
10.1869
10.1459
10.1897
10.2251
10.2019
10.2041
10.1293
10.1616
10.1546
10.2534
10.2236
10.2528
10.2826
10.2793
10.2154
10.2482
10.1218
10.123
10.1223
10.1399
10.1961
10.0912
10.2883
10.2901
10.3275
10.3706
10.3659
10.4443
10.3476
10.3387
10.2629
10.2541
10.1705
10.2416
10.2397
10.2515
10.2342
10.3126
10.2392
10.3303
10.0669
