0.0276302
0.0828907
0.138151
0.193412
0.248672
0.303933
0.359193
0.414454
0.469714
0.524974
0.580235
0.635495
0.690756
0.746016
0.801277
0.856537
0.911798
0.967058
1.02232
1.07758
1.13284
1.1881
1.24336
1.29862
1.35388
1.40914
1.4644
1.51966
1.57492
1.63018
1.68544
1.7407
1.79597
1.85123
1.90649
1.96175
2.01701
2.07227
2.12753
2.18279
2.23805
2.29331
2.34857
2.40383
2.45909
2.51435
2.56961
2.62487
2.68013
2.73539
2.79065
2.84591
2.90117
2.95644
3.0117
3.06696
3.12222
3.17748
3.23274
3.288
3.34326
3.39852
3.45378
3.50904
3.5643
3.61956
3.67482
3.73008
3.78534
3.8406
3.89586
3.95112
4.00638
4.06164
4.11691
4.17217
4.22743
4.28269
4.33795
4.39321
4.44847
4.50373
4.55899
4.61425
4.66951
4.72477
4.78003
4.83529
4.89055
4.94581
5.00107
5.05633
5.11159
5.16685
5.22211
5.27738
5.33264
5.3879
5.44316
5.49842
