31.0717
29.0134
27.2147
25.4632
24.095
22.9168
21.6845
20.4897
19.4315
18.3779
17.6309
16.7856
15.9272
15.0883
14.3468
13.8796
13.4325
13.0865
12.7774
12.5469
12.4433
12.3082
12.0984
12.0267
12.0643
12.0142
11.8436
11.7169
11.6584
11.7162
11.7353
11.7452
11.6204
11.6226
11.6979
11.8548
11.8726
11.7195
11.4793
11.4801
11.4545
11.297
11.082
10.8749
10.9118
10.8895
10.703
10.6284
10.6648
10.7263
10.6215
10.5838
10.5841
10.4624
10.339
10.4457
10.4837
10.3653
10.2602
10.3029
10.391
10.3323
10.4427
10.4765
10.2746
10.2368
10.3763
10.3821
10.3259
10.249
10.3318
10.4171
10.2648
10.252
10.2931
10.1463
10.1541
10.2376
10.2229
10.2526
10.3844
10.3099
10.3897
10.2806
10.1919
10.2606
10.3285
10.393
10.2693
10.2186
10.2124
10.3403
10.285
10.2594
10.218
10.2689
10.4037
10.4989
10.4121
10.2685
10.26
10.2195
10.2478
10.305
10.3349
10.4072
10.2598
10.2947
10.3896
10.3712
10.3542
10.2903
10.2787
10.3778
10.2789
10.4188
10.2836
10.3399
10.338
10.4207
10.5092
10.5063
10.5604
10.4833
10.5581
10.4569
10.3435
10.2874
10.3576
10.3504
10.2874
10.3181
10.3359
10.4179
10.4388
10.4676
10.3958
10.3482
10.2491
10.2977
10.2593
10.2265
10.1982
10.2193
10.1586
10.1831
10.1818
10.1042
10.2131
10.2985
10.2457
10.1651
10.1687
10.2164
10.1047
10.1123
10.1648
10.2227
10.2781
10.2308
10.245
10.1601
10.0502
10.0704
10.2101
10.1604
10.1002
10.0966
10.2602
10.2781
10.3418
10.3631
10.3447
10.2522
10.1602
10.2986
10.1927
10.1743
10.21
10.1857
10.1139
10.1571
10.078
10.1233
10.1211
10.3266
10.4612
10.2831
10.2484
10.2454
10.294
10.3019
10.2249
10.2672
10.2952
10.2447
10.3452
10.3037
10.2511
10.2225
