24.0903
22.4536
21.1051
19.8119
18.6962
17.9351
16.8911
16.122
15.3288
14.2016
13.3752
13.3752
11.8823
11.8823
11.6133
11.5242
11.2553
11.2553
10.9776
10.7296
10.7908
10.7296
10.5445
10.5433
10.474
10.474
10.1982
10.1982
10.1982
9.96877
9.96877
9.9046
9.9046
9.9046
9.9046
9.9046
9.9046
9.62059
9.62059
9.62059
9.62059
9.62059
9.62059
9.61093
9.61093
9.61093
9.61093
9.61093
9.38039
9.37073
9.37073
9.35427
9.35427
9.35427
9.35427
9.35427
9.35427
9.35427
9.35427
9.35427
9.35427
9.35427
9.35427
9.35427
9.35427
9.35427
9.35427
9.35427
9.35427
9.35427
9.35427
9.35427
9.35427
9.35427
9.35427
9.35427
9.35427
9.35427
9.35427
9.35427
9.35427
9.35427
9.35427
9.35427
9.35427
9.35427
9.35427
9.35427
9.35427
9.35427
9.35427
9.35427
9.35427
9.35427
9.35427
9.35427
9.35427
9.35427
9.35427
9.35427
9.35427
9.35427
9.35427
9.35427
9.35427
9.35427
9.35427
9.35427
9.35427
9.35427
9.35427
9.35427
9.35427
9.35427
9.35427
9.35427
9.35427
9.35427
9.35427
9.35427
9.35427
9.35427
9.35427
9.35427
9.35427
9.35427
9.35427
9.35427
9.35427
9.35427
9.35427
9.35427
9.35427
9.35427
9.35427
9.35427
9.35427
9.35427
9.35427
9.35427
9.27331
9.27331
9.27331
9.27331
9.27331
9.27331
9.27331
9.27331
9.27331
9.27331
9.27331
9.27331
9.27331
9.27331
9.27331
9.27331
9.27331
9.27331
9.27331
9.27331
9.27331
9.27331
9.27331
9.27331
9.27331
9.27331
9.27331
9.27331
9.27331
9.27331
9.27331
9.27331
9.27331
9.27331
9.27331
9.27331
9.27331
9.27331
9.27331
9.27331
9.27331
9.27331
9.27331
9.27331
9.27331
9.27331
9.27331
9.27331
9.27331
9.27331
9.27331
9.27331
9.27331
9.27331
9.27331
9.27331
9.27331
9.27331
9.27331
9.27331
