44.8485
38.7018
39.0877
39.6225
41.1181
40.452
40.4447
33.7925
33.7925
33.1851
33.1483
33.1167
35.4091
35.4091
35.4816
35.1493
34.1314
37.2233
39.0045
39.2718
40.1371
40.6984
40.6984
40.6984
40.5614
37.3886
38.5734
38.7315
41.2082
41.2082
43.3651
43.3651
43.3651
43.6747
43.0233
43.0233
44.0762
42.9953
43.6718
43.8861
44.724
45.1514
45.7316
48.3682
48.2174
46.8797
46.7337
44.5269
43.997
44.9064
44.7931
45.0012
44.8846
43.7531
41.7149
43.5595
44.1762
41.8384
43.2389
41.6493
41.6493
41.5958
39.6439
35.7297
35.7297
36.9306
39.8573
40.985
43.4187
44.3283
40.3591
38.3343
38.3343
37.5667
37.5667
36.3779
38.8341
39.9795
39.9206
40.8972
33.6672
32.8682
33.5554
33.5554
33.4996
33.7634
33.8987
34.7158
37.7128
38.3061
38.3061
38.4012
38.8299
38.9141
39.3563
38.485
43.2784
44.0386
39.6039
39.6039
