23.2916
22.8485
19.77
19.3202
18.6433
18.3402
18.3402
16.5856
16.4775
16.2039
15.8406
15.7054
15.403
15.2061
14.3188
13.8196
13.7029
12.7504
12.5918
12.2257
12.131
11.5012
11.5012
11.3042
11.3042
11.3042
10.9083
10.7916
10.7804
10.7804
10.7804
10.7503
10.7499
10.7198
10.7198
10.7198
10.7198
10.7198
10.7198
10.2684
10.2684
10.2684
10.0054
10.0054
10.0054
9.67907
9.67907
9.67907
9.62746
9.62746
9.62746
9.62746
9.62746
9.62746
9.62746
9.62746
9.62746
9.62746
9.62746
9.62746
9.62746
9.62746
9.62746
9.62746
9.62746
9.62746
9.62746
9.62746
9.62746
9.62746
9.62746
9.62746
9.62746
9.62746
9.62746
9.62746
9.62746
9.62746
9.62746
9.62746
9.62746
9.62746
9.62746
9.62746
9.62746
9.62746
9.62746
9.62746
9.62746
9.62746
9.62746
9.62746
9.62746
9.62746
9.62746
9.62746
9.62746
9.62746
9.62746
9.62746
9.62746
9.62746
9.62746
9.62746
9.62746
9.62746
9.62746
9.62746
9.62746
9.62746
9.62746
9.62746
9.62746
9.62746
9.62746
9.62746
9.62746
9.62746
9.62746
9.62746
9.62746
9.62746
9.62746
9.62746
9.62746
9.62746
9.62746
9.62746
9.62746
9.62746
9.62746
9.62746
9.62746
9.62746
9.62746
9.62746
9.62746
9.62746
9.62746
9.62746
9.62746
9.62746
9.62746
9.62746
9.62746
9.62746
9.62746
9.62746
9.62746
9.62746
9.62746
9.62746
9.62746
9.62746
9.62746
9.62746
9.62746
9.62746
9.62746
9.62746
9.62746
9.62746
9.62746
9.62746
9.62746
9.62746
9.62746
9.62746
9.62746
9.62746
9.62746
9.62746
9.62746
9.62746
9.62746
9.62746
9.62746
9.62746
9.62746
9.62746
9.62746
9.62746
9.62746
9.62746
9.62746
9.62746
9.62746
9.62746
9.62746
9.62746
9.62746
9.62746
9.62746
9.62746
9.62746
9.62746
9.62746
9.62746
9.62746
9.62746
9.62746
9.62746
9.62746
9.62746
9.62746
9.62746
9.62746
9.62746
9.62746
9.62746
9.62746
9.62746
9.62746
9.62746
9.62746
9.62746
9.62746
9.62746
9.62746
9.62746
9.62746
9.62746
9.62746
9.62746
9.62746
9.62746
9.62746
9.62746
9.62746
9.62746
9.62746
9.62746
9.62746
9.62746
9.62746
9.62746
9.62746
9.62746
9.62746
9.62746
9.62746
9.62746
9.62746
9.62746
9.62746
9.62746
9.62746
9.62746
9.62746
9.62746
9.62746
9.62746
9.62746
9.62746
9.62746
9.62746
9.62746
9.62746
9.62746
9.62746
9.62746
9.62746
9.62746
9.62746
9.62746
9.62746
9.62746
9.62746
9.62746
9.62746
9.62746
9.62746
9.62746
9.62746
9.62746
9.62746
9.62746
9.62746
9.62746
9.62746
9.62746
9.62746
9.62746
9.62746
9.62746
9.62746
9.62746
9.62746
9.62746
9.62746
9.62746
9.62746
9.62746
9.62746
9.62746
9.62746
9.62746
9.62746
9.62746
9.62746
9.62746
9.62746
9.62746
9.62746
9.62746
9.62746
9.62746
9.62746
9.62746
9.62746
9.62746
9.62746
9.62746
9.62746
9.62746
9.62746
9.62746
9.62746
9.62746
9.62746
9.62746
9.62746
9.62746
9.62746
9.62746
9.62746
9.62746
9.62746
9.62746
9.62746
9.62746
9.62746
9.62746
9.62746
9.62746
9.62746
9.62746
9.62746
9.62746
9.62746
9.62746
9.62746
9.62746
9.62746
9.62746
9.62746
9.62746
9.62746
9.62746
9.62746
9.62746
9.62746
9.62746
9.62746
9.62746
9.62746
9.62746
9.62746
9.62746
9.62746
9.62746
9.62746
9.62746
9.62746
9.62746
9.62746
9.62746
9.62746
9.62746
9.62746
9.62746
9.62746
9.62746
9.62746
9.62746
9.62746
9.62746
9.62746
9.62746
9.62746
9.62746
9.62746
9.62746
9.62746
9.62746
9.62746
9.62746
9.62746
9.62746
9.62746
9.62746
9.62746
9.62746
9.62746
9.62746
9.62746
9.62746
9.62746
9.62746
9.62746
9.62746
9.62746
9.62746
9.62746
9.62746
9.62746
9.62746
9.62746
9.62746
9.62746
9.62746
9.62746
9.62746
9.62746
9.62746
9.62746
9.62746
9.62746
9.62746
9.62746
9.62746
9.62746
9.62746
9.62746
9.62746
9.62746
9.62746
9.62746
9.62746
9.62746
9.62746
9.62746
9.62746
9.62746
9.62746
9.62746
9.62746
9.62746
9.62746
9.62746
9.62746
9.62746
9.62746
9.62746
9.62746
9.62746
9.62746
9.62746
9.62746
9.62746
9.62746
9.62746
9.62746
9.62746
9.62746
9.62746
9.62746
9.62746
9.62746
9.62746
9.62746
9.62746
9.62746
9.62746
9.62746
9.62746
9.62746
9.62746
9.62746
9.62746
9.62746
9.57273
9.57273
9.57273
9.57273
9.57273
9.57273
9.57273
9.57273
9.42078
9.42078
9.42078
9.37425
9.37425
9.37425
9.37425
9.37425
9.37425
9.37425
9.37425
9.37425
9.37425
9.37425
9.37425
9.37425
9.37425
9.37425
9.37425
9.37425
9.37425
9.37425
9.37425
9.37425
9.37425
9.37425
9.37425
9.37425
9.37425
9.37425
9.37425
9.37425
9.37425
9.37425
9.37425
9.37425
9.37425
9.37425
9.37425
9.37425
9.37425
9.37425
9.37425
9.37425
9.37425
9.37425
9.37425
9.37425
9.37425
9.37425
9.37425
9.37425
9.37425
9.37425
9.37425
9.37425
9.37425
9.37425
9.37425
9.37425
9.37425
9.37425
9.37425
9.37425
9.37425
9.37425
9.37425
9.37425
9.37425
9.37425
9.37425
9.37425
9.37425
9.37425
9.37425
9.37425
9.37425
9.37425
9.37425
9.37425
9.37425
9.37425
9.37425
9.37425
9.37425
9.37425
9.37425
9.37425
9.37425
9.37425
9.37425
9.37425
9.37425
9.37425
9.37425
9.37425
9.37425
9.37425
9.37425
9.37425
9.37425
9.37425
9.37425
9.37425
9.37425
9.37425
9.37425
9.37425
9.37425
9.37425
9.37425
9.37425
9.37425
9.37425
9.37425
9.37425
9.37425
9.37425
9.37425
9.37425
9.37425
9.37425
9.37425
9.37425
9.37425
9.37425
9.37425
9.37425
9.37425
9.37425
9.37425
9.37425
9.37425
9.37425
9.37425
9.37425
9.37425
9.37425
9.37425
9.37425
9.37425
9.37425
9.37425
9.37425
9.37425
9.37425
9.37425
9.37425
9.37425
9.37425
9.37425
9.37425
9.37425
9.37425
9.37425
9.37425
9.37425
9.37425
9.37425
9.37425
9.37425
9.37425
9.37425
9.37425
9.37425
9.37425
9.37425
9.37425
9.37425
9.37425
9.37425
9.37425
9.37425
9.37425
9.37425
9.37425
9.37425
9.37425
9.37425
9.37425
9.37425
9.37425
9.37425
9.37425
9.37425
9.37425
9.37425
9.37425
9.37425
9.37425
9.37425
9.37425
9.37425
9.37425
9.37425
9.37425
9.37425
9.37425
9.37425
9.37425
9.37425
9.37425
9.37425
9.37425
9.37425
9.37425
9.37425
9.37425
9.37425
9.37425
9.37425
9.37425
9.37425
9.37425
9.37425
9.37425
9.37425
9.37425
9.37425
9.37425
9.37425
9.37425
9.37425
9.37425
9.37425
9.37425
9.37425
9.37425
9.37425
9.37425
9.37425
9.37425
9.37425
9.37425
9.37425
9.37425
9.37425
9.37425
9.37425
9.37425
9.37425
9.37425
9.37425
9.37425
9.37425
9.37425
9.37425
9.37425
9.37425
9.37425
9.37425
9.37425
9.37425
9.37425
9.37425
9.37425
9.37425
9.37425
9.37425
9.37425
9.37425
9.37425
9.37425
9.37425
9.37425
9.37425
9.37425
9.37425
9.37425
9.37425
9.37425
9.37425
9.37425
9.37425
9.37425
9.37425
9.37425
9.37425
9.37425
9.37425
9.37425
9.37425
9.37425
9.37425
9.37425
9.37425
9.37425
9.37425
9.37425
9.37425
9.37425
9.37425
9.37425
9.37425
9.37425
9.37425
9.37425
9.37425
9.37425
9.37425
9.37425
9.37425
9.37425
9.37425
9.37425
9.37425
9.37425
9.37425
9.37425
9.37425
9.37425
9.37425
9.37425
9.37425
9.37425
9.37425
9.37425
9.37425
9.37425
9.37425
9.37425
9.37425
9.37425
9.37425
9.37425
9.37425
9.37425
9.37425
9.37425
9.37425
9.37425
9.37425
9.37425
9.37425
9.37425
9.37425
9.37425
9.37425
9.37425
9.37425
9.37425
9.37425
9.37425
9.37425
9.37425
9.37425
9.37425
9.37425
9.37425
9.37425
9.37425
9.37425
9.37425
9.37425
9.37425
9.37425
9.37425
9.37425
9.37425
9.37425
9.37425
9.37425
9.37425
9.37425
9.37425
9.37425
9.37425
9.37425
9.37425
9.37425
9.37425
9.37425
9.37425
9.37425
9.37425
9.37425
9.37425
9.37425
9.37425
9.37425
9.37425
9.37425
9.37425
9.37425
9.37425
9.37425
9.37425
9.37425
9.37425
9.37425
9.37425
9.37425
9.37425
9.37425
9.37425
9.37425
9.37425
9.37425
9.37425
9.37425
9.37425
9.37425
9.37425
9.37425
9.37425
9.37425
9.37425
9.37425
9.37425
9.37425
9.37425
9.37425
9.37425
9.37425
9.37425
9.37425
9.37425
9.37425
9.37425
9.37425
9.37425
9.37425
9.37425
9.37425
9.37425
9.37425
9.37425
9.37425
9.37425
9.37425
9.37425
9.37425
9.37425
9.37425
9.37425
9.37425
9.37425
9.37425
9.37425
9.37425
9.37425
9.37425
9.37425
9.37425
9.37425
9.37425
9.37425
9.37425
9.37425
9.37425
9.37425
9.37425
9.37425
9.37425
9.37425
9.37425
9.37425
9.37425
9.37425
9.37425
9.37425
9.37425
9.37425
9.37425
9.37425
9.37425
9.37425
9.37425
9.37425
9.37425
9.37425
9.37425
9.37425
9.37425
9.37425
9.37425
9.37425
9.37425
9.37425
9.37425
9.37425
9.37425
9.37425
9.37425
9.37425
9.37425
9.37425
9.37425
9.37425
9.37425
9.37425
9.37425
9.37425
9.37425
9.37425
9.37425
9.37425
9.37425
9.37425
9.37425
9.37425
9.37425
9.37425
9.37425
9.37425
9.37425
9.37425
9.37425
9.37425
9.37425
9.37425
9.37425
9.37425
9.37425
9.37425
9.37425
9.37425
9.37425
9.37425
9.37425
9.37425
9.37425
9.37425
9.37425
9.37425
9.37425
9.37425
9.37425
9.37425
9.37425
9.37425
9.37425
9.37425
9.37425
9.37425
9.37425
9.37425
9.37425
9.37425
9.37425
9.37425
9.37425
9.37425
9.37425
9.37425
9.37425
9.37425
9.37425
9.37425
9.37425
9.37425
9.37425
9.37425
9.37425
9.37425
9.37425
9.37425
9.37425
9.37425
9.37425
9.37425
9.37425
9.37425
9.37425
9.37425
9.37425
9.37425
9.37425
9.37425
9.37425
9.37425
9.37425
9.37425
9.37425
9.37425
9.37425
9.37425
9.37425
9.37425
9.37425
9.37425
9.37425
9.37425
9.37425
9.37425
9.37425
9.37425
9.37425
9.37425
9.37425
9.37425
9.37425
9.37425
9.37425
9.37425
9.37425
9.37425
9.37425
9.37425
9.37425
9.37425
9.37425
9.37425
9.37425
9.37425
9.37425
9.37425
9.37425
9.37425
9.37425
9.37425
9.37425
9.37425
9.37425
9.37425
9.37425
9.37425
9.37425
9.37425
9.37425
9.37425
9.37425
9.37425
9.37425
9.37425
9.37425
9.37425
9.37425
9.37425
9.37425
9.37425
9.37425
9.37425
9.37425
9.37425
9.37425
9.37425
9.37425
9.37425
9.37425
9.37425
9.37425
9.37425
9.37425
9.37425
9.37425
9.37425
9.37425
9.37425
9.37425
9.37425
9.37425
9.37425
9.37425
9.37425
9.37425
9.37425
9.37425
9.37425
9.37425
9.37425
9.37425
9.37425
9.37425
9.37425
9.37425
9.37425
9.37425
9.37425
9.37425
9.37425
9.37425
9.37425
9.37425
9.37425
9.37425
9.37425
9.37425
9.37425
9.37425
9.37425
9.37425
9.37425
9.37425
9.37425
9.37425
9.37425
9.37425
9.37425
9.37425
9.37425
9.37425
9.37425
9.37425
9.37425
9.37425
9.37425
9.37425
9.37425
9.37425
9.37425
9.37425
9.37425
9.37425
9.37425
9.37425
9.37425
9.37425
9.37425
9.37425
9.37425
9.37425
9.37425
9.37425
9.37425
9.37425
9.37425
9.37425
9.37425
9.37425
9.37425
9.37425
9.37425
9.37425
9.37425
9.37425
9.37425
9.37425
9.37425
9.37425
9.37425
9.37425
9.37425
9.37425
9.37425
9.37425
9.37425
9.37425
9.37425
9.37425
9.37425
9.37425
9.37425
9.37425
9.37425
9.37425
9.37425
9.37425
9.37425
9.37425
9.37425
9.37425
9.37425
9.37425
9.37425
9.37425
9.37425
9.37425
9.37425
9.37425
9.37425
9.37425
9.37425
9.37425
9.37425
9.37425
9.37425
9.37425
9.37425
9.37425
9.37425
9.37425
9.37425
9.37425
9.37425
9.37425
9.37425
9.37425
9.37425
9.37425
9.37425
9.37425
9.37425
9.37425
9.37425
9.37425
9.37425
9.37425
9.37425
9.37425
9.37425
9.37425
9.37425
9.37425
9.37425
9.37425
9.37425
9.37425
9.37425
9.37425
9.37425
9.37425
9.37425
9.37425
9.37425
9.37425
9.37425
9.37425
9.37425
9.37425
9.37425
9.37425
9.37425
9.37425
9.37425
9.37425
9.37425
9.37425
9.37425
9.37425
9.37425
9.37425
9.37425
9.37425
9.37425
9.37425
9.37425
9.37425
9.37425
9.37425
9.37425
9.37425
9.37425
9.37425
9.37425
9.37425
9.37425
9.37425
9.37425
9.37425
9.37425
9.37425
9.37425
9.37425
9.37425
9.37425
9.37425
9.37425
9.37425
9.37425
9.37425
9.37425
9.37425
9.37425
9.37425
9.37425
9.37425
9.37425
9.37425
9.37425
9.37425
9.37425
9.37425
9.37425
9.37425
9.37425
9.37425
9.37425
9.37425
9.37425
9.37425
9.37425
9.37425
9.37425
9.37425
9.37425
9.37425
9.37425
9.37425
9.37425
9.37425
9.37425
9.37425
9.37425
9.37425
9.37425
9.37425
9.37425
9.37425
9.37425
9.37425
9.37425
9.37425
9.37425
9.37425
9.37425
9.37425
9.37425
9.37425
9.37425
9.37425
9.37425
9.37425
9.37425
9.37425
9.37425
9.37425
9.37425
9.37425
9.37425
9.37425
9.37425
9.37425
9.37425
9.37425
9.37425
9.37425
9.37425
9.37425
9.37425
9.37425
9.37425
9.37425
9.37425
9.37425
9.37425
9.37425
9.37425
9.37425
9.37425
9.37425
9.37425
9.37425
9.37425
9.37425
9.35427
9.35427
9.35427
9.35427
9.35427
9.35427
9.35427
9.35427
9.35427
9.35427
9.35427
9.35427
9.35427
9.35427
9.35427
9.35427
9.35427
9.35427
9.35427
9.35427
9.35427
9.35427
9.35427
9.35427
9.35427
9.35427
9.35427
9.35427
9.35427
9.35427
9.35427
9.35427
9.35427
9.35427
9.35427
9.35427
9.35427
9.35427
9.35427
9.35427
9.35427
9.35427
9.35427
9.35427
9.35427
9.35427
9.35427
9.35427
9.35427
9.35427
9.35427
9.35427
9.35427
9.35427
9.35427
9.35427
9.35427
9.35427
9.35427
9.35427
9.35427
9.35427
9.35427
9.35427
9.35427
9.35427
9.35427
9.35427
9.35427
9.35427
9.35427
9.35427
9.35427
9.35427
9.35427
9.35427
9.35427
9.35427
9.35427
9.35427
9.35427
9.35427
9.35427
9.35427
9.35427
9.35427
9.35427
9.35427
9.35427
9.35427
9.35427
9.35427
9.35427
9.35427
9.35427
9.35427
9.35427
9.35427
9.35427
9.35427
9.35427
9.35427
9.35427
9.35427
9.35427
9.35427
9.35427
9.35427
9.35427
9.35427
9.35427
9.35427
9.35427
9.35427
9.35427
9.35427
9.35427
9.35427
9.35427
9.35427
9.35427
9.35427
9.35427
9.35427
9.35427
9.35427
9.35427
9.35427
9.35427
9.35427
9.35427
9.35427
9.35427
9.35427
9.35427
9.35427
9.35427
9.35427
9.35427
9.35427
9.35427
9.35427
9.35427
9.35427
9.35427
9.35427
9.35427
9.35427
9.35427
9.35427
9.35427
9.35427
9.35427
9.35427
9.35427
9.35427
9.35427
9.35427
9.35427
9.35427
9.35427
9.35427
9.35427
9.35427
9.35427
9.35427
9.35427
9.35427
9.35427
9.35427
9.35427
9.35427
9.35427
9.35427
9.35427
9.35427
9.35427
9.35427
9.35427
9.35427
9.35427
9.35427
9.35427
9.35427
9.35427
9.35427
9.35427
9.35427
9.35427
9.35427
9.35427
9.35427
9.35427
9.35427
9.35427
9.35427
9.35427
9.35427
9.35427
9.35427
9.35427
9.35427
9.35427
9.35427
9.35427
9.35427
9.35427
9.35427
9.35427
9.35427
9.35427
9.27331
9.27331
9.27331
9.27331
9.27331
9.27331
9.27331
9.27331
9.27331
9.27331
9.27331
9.27331
9.27331
9.27331
9.27331
9.27331
9.27331
9.27331
9.27331
9.27331
9.27331
9.27331
9.27331
9.27331
9.27331
9.27331
9.27331
9.27331
9.27331
9.27331
9.27331
9.27331
9.27331
9.27331
9.27331
9.27331
9.27331
9.27331
9.27331
9.27331
9.27331
9.27331
9.27331
9.27331
9.27331
9.27331
9.27331
9.27331
9.27331
9.27331
9.27331
9.27331
9.27331
9.27331
9.27331
9.27331
9.27331
9.27331
9.27331
9.27331
9.27331
9.27331
9.27331
9.27331
9.27331
9.27331
9.27331
9.27331
9.27331
9.27331
9.27331
9.27331
9.27331
9.27331
9.27331
