0.308162   -0.359323   -0.259816
-0.483464   -0.424249   -0.478679
0.342085   -0.233834   0.0746488
-0.353142   0.375759   -0.485223
0.230767   0.279786   -0.492032
0.147126   -0.223771   -0.318862
-0.275584   -0.307224   0.0809926
0.120781   -0.401662   -0.16303
0.18394   0.213078   0.251096
0.249216   -0.406016   0.19414
0.315617   -0.397996   -0.033597
0.24056   0.384178   -0.261739
-0.248712   0.0432232   -0.27084
-0.485341   -0.0213099   -0.406242
-0.47578   0.211545   -0.349908
0.44022   0.0239124   -0.191918
0.493894   -0.215856   -0.360923
-0.21019   0.00781375   0.382777
-0.388875   -0.23362   0.4616
-0.178846   -0.142343   -0.235375
0.166563   -0.204373   0.295689
0.351627   0.000222472   -0.0101879
0.0703446   -0.419167   -0.414563
0.183794   -0.0992838   -0.488443
-0.388341   0.170669   0.409832
-0.310486   -0.481197   -0.326529
0.482653   -0.421571   -0.166814
-0.386973   0.163017   -0.138017
-0.318185   0.267956   0.25816
0.068863   0.123514   0.467616
-0.134084   0.348425   0.39075
-0.288262   0.126747   -0.442156
-0.284758   -0.0751857   -0.428717
0.407007   0.387288   -0.41041
0.0954675   0.174121   -0.190902
0.420612   0.245868   0.422674
-0.113729   -0.370165   -0.318657
-0.144905   -0.337587   -0.11295
0.145482   -0.265823   0.0796005
-0.435878   -0.159566   0.0405843
-0.125785   0.458045   -0.43884
0.0363473   -0.0286079   -0.303251
-0.0951374   0.488069   -0.0223435
-0.0493149   -0.168011   0.024533
0.181238   0.248716   -0.00555378
-0.349227   -0.285294   -0.224174
0.125979   -0.488285   0.0214913
0.299047   0.395089   -0.0611539
-0.076636   -0.0158897   -0.472989
-0.224083   0.00157111   -0.00400489
0.324965   0.152635   0.115853
-0.0290852   -0.252208   0.254824
-0.142036   -0.0528244   0.203745
-0.117056   0.391724   -0.259424
0.0518441   0.367256   0.190293
-0.0524002   -0.0161583   -0.113233
0.32534   -0.153266   -0.161509
0.330772   -0.0829736   -0.349175
0.149569   0.0115567   -0.0144627
-0.496564   -0.215463   -0.124094
-0.293848   0.329321   -0.199897
-0.0724806   0.180741   -0.34102
-0.485985   -0.383202   0.035061
-0.335951   0.278354   0.0242025
-0.179438   0.18331   -0.115829
0.0791668   0.335213   -0.37311
-0.310451   -0.424611   -0.0814427
-0.0315193   0.271454   -0.0406333
0.358959   0.102595   -0.436918
0.307023   0.175354   -0.255806
0.0519553   0.402662   -0.144636
-0.469476   0.417498   -0.00649869
-0.0304654   -0.366425   0.0921217
-0.323381   0.491385   0.108515
0.409781   -0.217582   0.296644
0.442024   -0.431564   0.246919
-0.384538   -0.246429   0.219883
0.0336893   0.152253   0.125554
-0.166686   -0.223332   -0.496565
-0.260854   -0.40364   0.472476
0.272476   0.408485   0.203326
-0.294128   0.469299   0.337942
0.0768215   0.427269   0.424496
0.26664   -0.46253   -0.428362
0.0265529   -0.199218   0.449513
0.448836   -0.0112585   0.400152
0.297054   -0.266676   -0.474553
-0.355186   -0.0378823   0.195021
-0.22202   -0.331231   0.283685
0.0100763   -0.0373616   0.343432
-0.115699   0.163635   0.330153
0.0807128   -0.43749   0.261951
0.0843024   -0.197288   -0.113303
-0.441092   0.0598782   0.0275743
0.070735   -0.0807132   0.157702
0.211083   -0.387963   0.390279
-0.231168   0.121663   0.139569
-0.142729   0.48237   0.216663
-0.490077   0.430345   0.369849
-0.491094   0.388134   0.188136
-0.157151   0.326137   0.105992
0.298177   0.445255   0.394588
-0.0712001   -0.434683   0.388402
0.260603   0.0968938   0.381544
0.433991   0.250312   -0.0527506
0.498792   0.142729   0.251491
0.257769   -0.00957016   0.203931
0.452374   -0.043577   0.184391
