2.84778
2.84006
2.82631
2.80557
2.7764
2.73684
2.68444
2.61647
2.53039
2.42447
2.29877
2.15638
2.00429
1.85326
1.71585
1.60333
1.52267
1.47536
1.4581
1.46463
1.4875
1.51934
1.55378
1.58584
1.61229
1.63164
1.64404
1.65097
1.65455
1.65679
1.65885
1.66068
1.66117
1.65845
1.65041
1.6354
1.61303
1.58476
1.5538
1.5241
1.49891
1.47977
1.46665
1.45895
1.45637
1.45918
1.46762
1.48117
1.49831
1.51665
1.53347
1.54637
1.5536
1.55428
1.54859
1.53793
1.52483
1.51235
1.50291
1.49757
1.49609
1.49781
1.50212
1.50857
1.51651
1.52478
1.53183
1.53621
1.53729
1.53574
1.53354
1.53318
1.53649
1.54388
1.55425
1.56555
1.57559
1.58292
1.58739
1.58992
1.59181
1.59359
1.59466
1.59379
1.59044
1.58542
1.58042
1.57692
1.57568
1.57678
1.57988
1.58439
1.58955
1.59431
1.59754
1.59824
1.5957
1.5895
1.5796
1.56615
1.63284
1.61086
1.58534
1.55719
1.52824
1.50135
1.47998
1.4672
1.46493
1.47382
1.49298
1.51956
1.54912
1.57706
1.59989
1.61561
1.6236
1.62436
1.6193
1.61052
1.60051
1.59141
1.58428
1.57874
1.57363
1.56829
1.56344
1.56094
1.56275
1.56996
1.5826
1.59991
1.62067
1.64333
1.66595
1.68634
1.70238
1.71252
1.71654
1.71587
1.71332
1.71179
1.71242
1.71387
1.71338
1.70869
1.69926
1.68674
1.67446
1.66614
1.66381
1.66679
1.67218
1.67642
1.67656
1.67083
1.65883
1.64143
1.62111
1.60246
1.5915
1.59262
1.60454
1.62042
1.63289
1.6387
1.63957
1.63978
1.64288
1.64991
1.65977
1.67071
1.68157
1.69233
1.70396
1.71719
1.73089
1.74184
1.74626
1.74175
1.72794
1.70671
1.68236
1.66101
1.64859
1.6477
1.65635
1.66979
1.68381
1.69635
1.70689
1.71514
1.71999
1.71975
1.71312
1.70008
1.682
1.66065
1.63702
1.61071
1.62068
1.5869
1.55378
1.527
1.51192
1.51117
1.52423
1.5485
1.58046
1.6167
1.65438
1.69118
1.72512
1.75428
1.77689
1.79168
1.7983
1.79747
1.7907
1.77978
1.76626
1.75098
1.7343
1.71626
1.69707
1.67744
1.65892
1.6442
1.63672
1.63975
1.65471
1.68004
1.71134
1.74272
1.76854
1.78481
1.78997
1.78501
1.77296
1.75783
1.74293
1.72997
1.71942
1.71158
1.70733
1.70797
1.71419
1.72535
1.73956
1.75438
1.76719
1.77565
1.77819
1.77472
1.7668
1.75638
1.74393
1.72783
1.70634
1.67982
1.65134
1.62557
1.60704
1.59835
1.59912
1.60625
1.61526
1.62205
1.62396
1.61985
1.60931
1.59206
1.56801
1.53811
1.50532
1.47467
1.45216
1.44277
1.44889
1.46998
1.50332
1.54517
1.5915
1.63811
1.6808
1.71569
1.73981
1.75154
1.75082
1.73936
1.72056
1.69889
1.67855
1.66179
1.64836
1.63659
1.62513
1.61364
1.60242
1.59214
1.58429
1.58104
1.58326
1.58902
1.5948
1.59798
1.59801
1.59593
1.5933
1.5914
1.59088
1.59175
1.59359
1.59596
1.59874
1.60231
1.60748
1.61506
1.62555
1.63863
1.65326
1.66783
1.68063
1.69011
1.69481
1.69358
1.6863
1.67515
1.66497
1.66163
1.66909
1.68734
1.7127
1.73975
1.76311
1.77847
1.7829
1.77502
1.7552
1.72587
1.69128
1.65696
1.6284
1.60944
1.60118
1.60209
1.6093
1.6202
1.63327
1.6478
1.66285
1.67643
1.68575
1.68832
1.68301
1.67072
1.65431
1.63817
1.62707
1.62457
1.63184
1.64713
1.66652
1.68513
1.69838
1.70293
1.69726
1.68185
1.65899
1.63224
1.60582
1.58429
1.572
1.57206
1.58508
1.60855
1.63763
1.66674
1.69093
1.70656
1.71167
1.70633
1.69273
1.67499
1.65807
1.64636
1.64222
1.64557
1.65444
1.66611
1.67829
1.68976
1.70016
1.70963
1.71843
1.72659
1.73341
1.73712
1.73501
1.72447
1.70461
1.67746
1.64736
1.61831
1.59204
1.56944
1.55343
1.54874
1.55748
1.57522
1.5936
1.60638
1.61206
1.61256
1.61119
1.61109
1.6143
1.62117
1.63041
1.63974
1.64677
1.64967
1.64747
1.63992
1.62729
1.61021
1.58994
1.56863
1.5493
1.53516
1.52875
1.53117
1.54184
1.55862
1.5785
1.59839
1.61571
1.62875
1.63658
1.63885
1.63548
1.62666
1.61292
1.59529
1.57534
1.55501
1.53611
1.51993
1.50728
1.49894
1.49613
1.50058
1.51361
1.53483
1.56165
1.59005
1.61593
1.63628
1.64961
1.65612
1.65736
1.65577
1.65402
1.65438
1.65812
1.66534
1.67548
1.68775
1.70151
1.71624
1.73146
1.74647
1.7604
1.77247
1.78235
1.79036
1.79695
1.80186
1.8035
1.79934
1.78724
1.76656
1.73895
1.70816
1.67916
1.65661
1.6428
1.63635
1.63318
1.62935
1.62317
1.6155
1.60856
1.60475
1.60592
1.61293
1.62534
1.64141
1.6583
1.67281
1.68229
1.68536
1.68222
1.67441
1.66427
1.65411
1.64565
1.63974
1.63649
1.63558
1.63659
1.63884
1.6414
1.64327
1.64423
1.6454
1.64866
1.65533
1.66501
1.67585
1.68557
1.69224
1.69464
1.69238
1.68581
1.67575
1.66316
1.64908
1.635
1.62316
1.61654
1.61802
1.62883
1.64744
1.66966
1.68985
1.70268
1.70457
1.6943
1.67325
1.64521
1.61612
1.59345
1.58441
1.59303
1.61772
1.65181
1.68656
1.71422
1.72947
1.72944
1.71315
1.68117
1.6357
1.58116
1.52493
1.47691
1.44681
1.44
1.4556
1.48863
1.53307
1.58333
1.63411
1.68033
1.71741
1.7422
1.75348
1.75199
1.73993
1.72053
1.6978
1.67615
1.65948
1.64993
1.64731
1.64972
1.6549
1.66124
1.66813
1.6756
1.68379
1.6925
1.70108
1.70866
1.71442
1.71781
1.71848
1.71644
1.71219
1.70623
1.69823
1.6867
1.67011
1.64882
1.62601
1.60733
1.59887
1.60397
1.62106
1.64518
1.67138
1.69642
1.71813
1.73493
1.7461
1.75242
1.75599
1.75921
1.76342
1.76813
1.7714
1.77116
1.76674
1.75954
1.75225
1.74717
1.74444
1.74179
1.73597
1.72458
1.70708
1.68444
1.65851
1.63132
1.60496
1.5814
1.56229
1.5486
1.54041
1.53707
1.53758
1.54097
1.54652
1.55373
1.56213
1.57115
1.5801
1.5884
1.59565
1.60173
1.60686
1.61151
1.61623
1.62129
1.62638
1.63062
1.63289
1.63232
1.62858
1.62199
1.61345
1.60404
1.59456
1.58514
1.57503
1.56308
1.54868
1.53253
1.51699
1.50566
1.50244
1.51027
1.52983
1.55911
1.59376
1.62877
1.66003
1.68524
1.70407
1.71747
1.72677
1.73255
1.73466
1.73283
1.72759
1.72042
1.7134
1.70855
1.70729
1.71009
1.71632
1.72435
1.73201
1.73738
1.73952
1.7388
1.73653
1.73438
1.73354
1.73412
1.73481
1.73325
1.7272
1.71575
1.69962
1.68006
1.65791
1.63361
1.60836
1.58509
1.56858
1.56419
1.57526
1.60093
1.6364
1.67503
1.71034
1.73696
1.75093
1.74996
1.73364
1.70369
1.6642
1.62154
1.58353
1.55737
1.54718
1.55253
1.56934
1.59226
1.61701
1.64123
1.66403
1.68499
1.70324
1.71709
1.72434
1.72303
1.71223
1.69267
1.66685
1.63859
1.61204
1.59065
1.57667
1.57126
1.5745
1.58489
1.59896
1.61215
1.6205
1.62183
1.6157
1.60283
1.58486
1.56502
1.54878
1.54313
1.55317
1.57865
1.61401
1.65163
1.68474
1.7084
1.71986
1.71906
1.70865
1.69304
1.67684
1.66365
1.65544
1.65261
1.65445
1.65981
1.66773
1.67786
1.69018
1.70437
1.71937
1.73338
1.74443
1.75113
1.75304
1.75051
1.74429
1.73512
1.72369
1.71078
1.69752
1.68546
1.67648
1.67235
1.67393
1.68056
1.69002
1.69901
1.70405
1.70247
1.69347
1.67862
1.66116
1.64418
1.62887
1.61438
1.59909
1.5822
1.56441
1.54782
1.53525
1.52948
1.53255
1.54519
1.56655
1.59401
1.62356
1.65067
1.67151
1.68396
1.68776
1.68398
1.67437
1.66115
1.64701
1.63514
1.62827
1.62744
1.63155
1.638
1.64385
1.64668
1.64496
1.6386
1.62925
1.61979
1.61334
1.61221
1.61705
1.62674
1.63894
1.65097
1.6607
1.66678
1.66854
1.66556
1.65781
1.64616
1.6332
1.62329
1.62081
1.62687
1.6381
1.64912
1.65613
1.65852
1.65795
1.65664
1.65584
1.65536
1.65373
1.64892
1.63912
1.62342
1.60175
1.57494
1.54476
1.51426
1.48769
1.46942
1.46225
1.4666
1.48079
1.50215
1.52783
1.55509
1.58152
1.60513
1.62478
1.64031
1.65245
1.66239
1.67139
1.68038
1.68978
1.69953
1.70932
1.71879
1.72746
1.73436
1.73795
1.73631
1.72792
1.71236
1.69081
1.666
1.64163
1.62149
1.60845
1.60363
1.6059
1.61209
1.6181
1.62037
1.61699
1.60817
1.59583
1.58273
1.57136
1.56341
1.55977
1.56128
1.56947
1.5854
1.60751
1.63121
1.65147
1.66562
1.6739
1.67838
1.68161
1.68567
1.69173
1.70003
1.71011
1.7211
1.7321
1.74224
1.75067
1.75644
1.75864
1.75645
1.74934
1.73728
1.72095
1.7018
1.68209
1.66469
1.65252
1.64787
1.65163
1.66303
1.67995
1.69973
1.71976
1.73789
1.75258
1.76275
1.76769
1.76713
1.76127
1.75096
1.73763
1.72292
1.70808
1.69362
1.67937
1.66521
1.65181
1.6407
1.63324
1.62913
1.6261
1.62148
1.61429
1.60606
1.59958
1.59686
1.59814
1.60232
1.60777
1.61298
1.61709
1.62014
1.62293
1.62651
1.63154
1.63778
1.64399
1.6486
1.65068
1.65049
1.64921
1.64776
1.6456
1.64058
1.63007
1.61303
1.59194
1.57303
1.56311
1.56448
1.57349
1.58427
1.59323
1.60042
1.60815
1.61861
1.63221
1.64696
1.65917
1.66475
1.66051
1.64515
1.62007
1.58969
1.561
1.54186
1.53817
1.55114
1.57659
1.60757
1.63779
1.66388
1.68535
1.70296
1.71726
1.72789
1.734
1.73499
1.7313
1.72471
1.7179
1.71271
1.70912
1.706
1.70229
1.69744
1.69101
1.68292
1.67389
1.6654
1.65904
1.65566
1.65522
1.65742
1.66195
1.66803
1.67375
1.67642
1.67343
1.66328
1.64591
1.62274
1.59653
1.5711
1.55077
1.5394
1.53929
1.55057
1.57125
1.59789
1.62638
1.65276
1.67402
1.68859
1.69653
1.69943
1.69986
1.70029
1.70197
1.70455
1.70684
1.70771
1.70645
1.70252
1.69536
1.68445
1.66963
1.65147
1.63137
1.61132
1.59322
1.57846
1.5678
1.56165
1.56024
1.56367
1.57179
1.58406
1.59963
1.61748
1.63662
1.65613
1.67509
1.69241
1.70686
1.71717
1.72224
1.72135
1.71434
1.70183
1.68532
1.66704
1.64972
1.63562
1.62586
1.62019
1.61734
1.61554
1.61309
1.60865
1.60135
1.59101
1.57836
1.56532
1.55501
1.55131
1.55768
1.57588
1.60534
1.64341
1.68612
1.72905
1.76815
1.80023
1.82292
1.8343
1.83289
1.8185
1.79343
1.76273
1.73185
1.7032
1.67554
1.64671
1.61625
1.58558
1.55703
1.53322
1.51637
1.50739
1.50546
1.50853
1.51456
1.52234
1.53146
1.54205
1.55467
1.57012
1.58909
1.61133
1.6352
1.65811
1.67754
1.69192
1.70078
1.7045
1.70367
1.69882
1.69061
1.68031
1.6701
1.66265
1.66019
1.66322
1.67037
1.67906
1.68678
1.69217
1.69543
1.69821
1.70281
1.7111
1.72354
1.73873
1.75399
1.76634
1.77354
1.7743
1.76775
1.75289
1.72884
1.69613
1.65805
1.62012
1.58709
1.56058
1.54046
1.52778
1.52531
1.53528
1.55725
1.58762
1.62088
1.65121
1.67398
1.68713
1.69192
1.69233
1.6928
1.69546
1.69954
1.70291
1.70386
1.70162
1.69626
1.68829
1.67864
1.66845
1.659
1.6516
1.64724
1.64611
1.64732
1.64921
1.64986
1.64762
1.64153
1.63143
1.6182
