-3.51475
-3.51475
-3.51475
-3.51369
-3.51037
-3.50524
-3.50176
-3.4986
-3.49633
-3.49573
-3.49543
-3.49421
-3.49481
-3.49586
-3.49691
-3.49736
-3.49827
-3.49948
-3.50054
-3.5007
-3.50251
-3.50191
-3.50177
-3.50222
-3.50237
-3.50252
-3.50237
-3.50146
-3.50176
-3.50207
-3.50101
-3.50056
-3.50056
-3.50026
-3.50041
-3.50056
-3.50056
-3.50101
-3.50086
-3.50116
-3.50207
-3.50116
-3.50131
-3.50222
-3.50282
-3.50282
-3.50252
-3.50192
-3.50131
-3.50086
-3.50071
-3.50026
-3.49981
-3.49996
-3.50056
-3.49966
-3.49996
-3.49935
-3.4995
-3.49935
-3.49965
-3.49995
-3.5001
-3.49965
-3.49905
-3.4986
-3.49769
-3.49678
-3.49739
-3.49769
-3.49739
-3.49663
-3.49557
-3.49466
-3.49482
-3.49558
-3.49588
-3.49527
-3.49558
-3.49663
-3.49648
-3.49437
-3.49542
-3.49497
-3.49467
-3.49512
-3.49527
-3.49512
-3.49648
-3.49618
-3.49633
-3.49587
-3.49542
-3.49557
-3.49603
-3.49527
-3.49527
-3.49452
-3.49512
-3.49497
-3.40902
-3.40841
-3.40811
-3.40902
-3.40871
-3.40856
-3.40901
-3.40871
-3.40886
-3.40961
-3.40946
-3.40932
-3.41022
-3.41007
-3.40947
-3.41038
-3.41053
-3.41128
-3.41068
-3.41128
-3.41067
-3.41082
-3.41097
-3.41128
-3.41188
-3.41309
-3.41218
-3.41218
-3.41203
-3.41112
-3.41157
-3.41082
-3.41067
-3.41158
-3.41143
-3.41203
-3.41188
-3.41249
-3.41264
-3.41309
-3.41354
-3.41324
-3.41354
-3.41324
-3.41279
-3.41294
-3.41234
-3.41203
-3.41233
-3.41203
-3.41112
-3.41128
-3.41188
-3.41294
-3.414
-3.414
-3.4143
-3.4143
-3.41384
-3.41384
-3.41414
-3.41369
-3.41399
-3.41415
-3.41446
-3.41491
-3.414
-3.41339
-3.41309
-3.41279
-3.41158
-3.41188
-3.41203
-3.41173
-3.41173
-3.41279
-3.41234
-3.41249
-3.41234
-3.41173
-3.41173
-3.41112
-3.41218
-3.41157
-3.41157
-3.41263
-3.41354
-3.41369
-3.41384
-3.41339
-3.41354
-3.4143
-3.41445
-3.4143
-3.41354
-3.414
-3.4146
-3.4146
-3.41415
-3.41324
-3.36946
-3.37082
-3.37127
-3.37157
-3.37111
-3.37141
-3.37127
-3.37066
-3.37067
-3.37097
-3.37127
-3.37052
-3.36916
-3.36992
-3.36841
-3.36856
-3.36871
-3.36901
-3.36871
-3.36916
-3.3687
-3.36855
-3.36704
-3.36765
-3.36734
-3.36749
-3.36779
-3.36809
-3.36824
-3.369
-3.36764
-3.36764
-3.36825
-3.36886
-3.36886
-3.36856
-3.36841
-3.36735
-3.36765
-3.36704
-3.36704
-3.36689
-3.36674
-3.36719
-3.36719
-3.36689
-3.3678
-3.3681
-3.3678
-3.36765
-3.3678
-3.36765
-3.3678
-3.3681
-3.3678
-3.3672
-3.3675
-3.36886
-3.36856
-3.36886
-3.3684
-3.36855
-3.36885
-3.36855
-3.3687
-3.3684
-3.36916
-3.37007
-3.37052
-3.36977
-3.37007
-3.36916
-3.36901
-3.36901
-3.36825
-3.36976
-3.3693
-3.36915
-3.3687
-3.36839
-3.3684
-3.369
-3.36946
-3.36946
-3.36961
-3.37022
-3.37007
-3.37007
-3.36992
-3.36931
-3.36825
-3.36991
-3.3696
-3.37006
-3.37082
-3.36976
-3.36991
-3.36991
-3.36855
-3.3687
-3.36825
-3.3684
-3.36885
-3.36855
-3.36961
-3.36992
-3.36961
-3.36976
-3.36991
-3.36991
-3.3687
-3.3687
-3.36931
-3.369
-3.36991
-3.369
-3.36931
-3.369
-3.369
-3.36915
-3.37006
-3.37112
-3.37127
-3.37188
-3.37112
-3.37233
-3.37248
-3.37323
-3.37399
-3.37429
-3.37383
-3.37308
-3.37414
-3.37399
-3.37309
-3.37294
-3.37249
-3.37249
-3.37233
-3.37248
-3.37263
-3.37127
-3.37141
-3.37051
-3.36945
-3.36945
-3.36915
-3.36915
-3.36885
-3.36825
-3.36916
-3.37037
-3.36992
-3.36962
-3.36946
-3.37007
-3.36946
-3.36946
-3.36945
-3.37081
-3.37202
-3.37203
-3.37173
-3.37173
-3.37249
-3.37204
-3.37204
-3.37158
-3.37188
-3.37112
-3.37052
-3.37066
-3.3693
-3.36915
-3.36915
-3.369
-3.3687
-3.3678
-3.36795
-3.36811
-3.36856
-3.3681
-3.36795
-3.36886
-3.36885
-3.3693
-3.36825
-3.36961
-3.37036
-3.36991
-3.36976
-3.37082
-3.37248
-3.37097
-3.37112
-3.37006
-3.37022
-3.36961
-3.36856
-3.36901
-3.36871
-3.36976
-3.37007
-3.37006
-3.36991
-3.36991
-3.369
-3.36855
-3.36885
-3.36886
-3.36916
-3.37067
-3.37052
-3.37097
-3.37082
-3.37218
-3.37082
-3.37067
-3.37021
-3.37006
-3.36886
-3.36901
-3.36886
-3.36961
-3.36961
-3.36976
-3.36915
-3.369
-3.3696
-3.3693
-3.3687
-3.36779
-3.36673
-3.36538
-3.36568
-3.36629
-3.36598
-3.36614
-3.36629
-3.36614
-3.36674
-3.36644
-3.36553
-3.36508
-3.36508
-3.36432
-3.36417
-3.36447
-3.36386
-3.36507
-3.36613
-3.36643
-3.36719
-3.36598
-3.36613
-3.36553
-3.36614
-3.36568
-3.36659
-3.36644
-3.36568
-3.36719
-3.36809
-3.36809
-3.3693
-3.36839
-3.3687
-3.3699
-3.3696
-3.3693
-3.36855
-3.3684
-3.36915
-3.36991
-3.36991
-3.37112
-3.37233
-3.37263
-3.37248
-3.37203
-3.37233
-3.37233
-3.37293
-3.37384
-3.37308
-3.37308
-3.37232
-3.37218
-3.37203
-3.37233
-3.37142
-3.37142
-3.37082
-3.37112
-3.37006
-3.36976
-3.36945
-3.36931
-3.36976
-3.37037
-3.37052
-3.37097
-3.36991
-3.37021
-3.37021
-3.37021
-3.36976
-3.3693
-3.369
-3.369
-3.369
-3.36885
-3.36931
-3.36916
-3.36885
-3.36855
-3.3681
-3.36825
-3.3687
-3.36901
-3.36855
-3.36765
-3.36825
-3.36931
-3.36916
-3.36961
-3.36916
-3.36946
-3.37082
-3.37036
-3.37081
-3.37066
-3.37127
-3.37142
-3.37158
-3.37158
-3.37098
-3.37068
-3.37067
-3.37022
-3.37052
-3.37006
-3.37005
-3.36975
-3.36854
-3.36824
-3.36855
-3.36826
-3.36856
-3.36902
-3.36781
-3.36841
-3.36796
-3.36766
-3.36795
-3.36734
-3.36824
-3.36779
-3.36764
-3.36794
-3.36779
-3.36704
-3.36735
-3.36705
-3.3678
-3.36826
-3.36811
-3.36841
-3.36871
-3.36916
-3.36749
-3.36885
-3.3684
-3.36764
-3.36794
-3.36689
-3.36598
-3.36538
-3.36628
-3.36674
-3.36689
-3.36613
-3.36553
-3.36598
-3.36507
-3.36508
-3.36538
-3.36598
-3.36598
-3.36689
-3.36598
-3.36628
-3.36674
-3.36644
-3.36719
-3.36749
-3.36764
-3.36688
-3.36597
-3.36568
-3.36507
-3.36538
-3.36432
-3.36372
-3.36372
-3.36477
-3.36402
-3.36356
-3.36266
-3.36281
-3.36266
-3.36236
-3.36281
-3.36372
-3.36462
-3.36402
-3.36462
-3.36613
-3.36689
-3.36719
-3.3678
-3.36855
-3.3687
-3.36855
-3.369
-3.36794
-3.36704
-3.36719
-3.36764
-3.36885
-3.36915
-3.3693
-3.36855
-3.36824
-3.36779
-3.36764
-3.36809
-3.3681
-3.36795
-3.36779
-3.36779
-3.36719
-3.36659
-3.36583
-3.36568
-3.36538
-3.36613
-3.36674
-3.36825
-3.36749
-3.36659
-3.36447
-3.36402
-3.36432
-3.36417
-3.36492
-3.36477
-3.36568
-3.36568
-3.36553
-3.36583
-3.36658
-3.36658
-3.36718
-3.36598
-3.36583
-3.36538
-3.36598
-3.36599
-3.36674
-3.36689
-3.36689
-3.36613
-3.36674
-3.36674
-3.36689
-3.36658
-3.36658
-3.36658
-3.36583
-3.36583
-3.36673
-3.36749
-3.36764
-3.3678
-3.3678
-3.3687
-3.369
-3.36946
-3.36961
-3.36991
-3.36946
-3.36825
-3.36931
-3.36946
-3.36916
-3.36886
-3.36795
-3.36644
-3.36538
-3.36492
-3.36507
-3.36507
-3.36476
-3.36416
-3.36507
-3.36507
-3.36538
-3.36463
-3.36387
-3.36281
-3.36266
-3.36236
-3.36266
-3.36356
-3.36386
-3.36446
-3.36567
-3.36461
-3.36537
-3.36567
-3.36628
-3.36613
-3.36613
-3.36749
-3.36824
-3.36794
-3.3684
-3.369
-3.36931
-3.3681
-3.3684
-3.36809
-3.36764
-3.36794
-3.36839
-3.36824
-3.36764
-3.36703
-3.36673
-3.36719
-3.36674
-3.36644
-3.36749
-3.36704
-3.36764
-3.36703
-3.36688
-3.36703
-3.36612
-3.36627
-3.36703
-3.36749
-3.36719
-3.3678
-3.36719
-3.36764
-3.36643
-3.36643
-3.36703
-3.36763
-3.36688
-3.36643
-3.36658
-3.36733
-3.36869
-3.369
-3.36824
-3.36779
-3.36718
-3.36734
-3.36915
-3.36839
-3.36854
-3.3696
-3.36854
-3.36809
-3.36779
-3.36839
-3.36945
-3.36885
-3.36885
-3.36884
-3.36869
-3.3687
-3.36915
-3.36961
-3.3687
-3.36916
-3.36991
-3.36961
-3.36961
-3.3693
-3.3687
-3.3684
-3.36855
-3.369
-3.36825
-3.36809
-3.36855
-3.36869
-3.36869
-3.3693
-3.37051
-3.36991
-3.36946
-3.36991
-3.36992
-3.36976
-3.36916
-3.37082
-3.37006
-3.37082
-3.37203
-3.37187
-3.37142
-3.37066
-3.36961
-3.36916
-3.36991
-3.36946
-3.36977
-3.37037
-3.37112
-3.37112
-3.37112
-3.37142
-3.37067
-3.36991
-3.37173
-3.37203
-3.37218
-3.37158
-3.37143
-3.37022
-3.36901
-3.36825
-3.36795
-3.36946
-3.37006
-3.37036
-3.37097
-3.37052
-3.36976
-3.37022
-3.36931
-3.36946
-3.36855
-3.36855
-3.36916
-3.36871
-3.36977
-3.37067
-3.37052
-3.36976
-3.36946
-3.36885
-3.3687
-3.36885
-3.36885
-3.36961
-3.36976
-3.36976
-3.36825
-3.3684
-3.36765
-3.36765
-3.36629
-3.36599
-3.36674
-3.36553
-3.36614
-3.36553
-3.36689
-3.36674
-3.36674
-3.36644
-3.3675
-3.36735
-3.36795
-3.3675
-3.36765
-3.36795
-3.36689
-3.36599
-3.36644
-3.36643
-3.36719
-3.36764
-3.36734
-3.36629
-3.36629
-3.36584
-3.36705
-3.36689
-3.36644
-3.36644
-3.36734
-3.36719
-3.36583
-3.36613
-3.36704
-3.36704
-3.36674
-3.36675
-3.36644
-3.36644
-3.36614
-3.36704
-3.36674
-3.36644
-3.36613
-3.36583
-3.36613
-3.36568
-3.36598
-3.36613
-3.36704
-3.36734
-3.3678
-3.36704
-3.3675
-3.3684
-3.36886
-3.36931
-3.36885
-3.369
-3.36915
-3.36945
-3.36945
-3.3696
-3.36976
-3.37036
-3.37021
-3.36991
-3.36976
-3.36916
-3.3687
-3.36885
-3.36976
-3.36976
-3.37036
-3.37066
-3.37006
-3.37067
-3.37097
-3.36991
-3.36915
-3.36946
-3.369
-3.369
-3.36886
-3.3681
-3.36901
-3.36931
-3.37097
-3.37187
-3.37202
-3.37127
-3.37157
-3.37112
-3.37097
-3.37097
-3.37142
-3.37202
-3.37278
-3.37187
-3.37142
-3.37142
-3.37157
-3.37097
-3.37142
-3.37142
-3.37097
-3.37127
-3.37082
-3.37021
-3.37036
-3.369
-3.36809
-3.36855
-3.36931
-3.3681
-3.36825
-3.36794
-3.36734
-3.36779
-3.36613
-3.36628
-3.36644
-3.36644
-3.36583
-3.36614
-3.36613
-3.36643
-3.36733
-3.36808
-3.36718
-3.36718
-3.36673
-3.36719
-3.36734
-3.36764
-3.36794
-3.36764
-3.36855
-3.369
-3.36915
-3.369
-3.36975
-3.3696
-3.3699
-3.36945
-3.36884
-3.369
-3.36885
-3.36885
-3.369
-3.36869
-3.3693
-3.3696
-3.36854
-3.36839
-3.36869
-3.36839
-3.36748
-3.36809
-3.36718
-3.36779
-3.36764
-3.36749
-3.36673
-3.36733
-3.36778
-3.36793
-3.36823
-3.36778
-3.36808
-3.36793
-3.36733
-3.36673
-3.36703
-3.36734
-3.36719
-3.36824
-3.36854
-3.36884
-3.3693
-3.36914
-3.36899
-3.36899
-3.3699
-3.37066
-3.3702
-3.3705
-3.37096
-3.37096
-3.3705
-3.36975
-3.36929
-3.36914
-3.36808
-3.36748
-3.36718
-3.36763
-3.36839
-3.36929
-3.36899
-3.36914
-3.36944
-3.36945
-3.36929
-3.3702
-3.37065
-3.3699
-3.36975
-3.36975
-3.3696
-3.36854
-3.36779
-3.36612
-3.36582
-3.36642
-3.36612
-3.36642
-3.36612
-3.36672
-3.36627
-3.36688
-3.36628
-3.36597
-3.36658
-3.36658
-3.36643
-3.36688
-3.36748
-3.36763
-3.36687
-3.36612
-3.36702
-3.36793
-3.36733
-3.36688
-3.36764
-3.36794
-3.369
-3.36855
-3.36809
-3.36764
-3.3687
-3.37005
-3.3699
-3.36945
-3.36945
-3.3696
-3.36975
-3.37081
-3.3705
-3.3699
-3.36959
-3.36914
-3.36854
-3.36945
-3.36899
-3.36945
-3.36899
-3.36884
-3.36763
-3.36824
-3.36899
-3.36823
-3.36809
-3.36718
-3.36854
-3.36824
-3.36839
-3.36839
-3.36824
-3.36824
-3.36809
-3.36748
-3.36733
-3.36702
-3.36687
-3.36748
-3.36839
-3.36779
-3.36809
-3.36779
-3.36779
-3.36794
-3.36809
-3.36884
-3.36945
-3.36839
-3.36764
-3.36779
-3.36734
-3.36658
-3.36628
-3.36628
-3.36643
-3.36537
-3.36477
-3.3631
-3.36416
-3.36295
-3.36325
-3.36415
-3.364
-3.3634
-3.36295
-3.3634
-3.36416
-3.36447
-3.36492
-3.36522
-3.36492
-3.36507
-3.36476
-3.36567
-3.36537
-3.36552
-3.36612
-3.36643
-3.36718
-3.36748
-3.36779
-3.36718
-3.36688
-3.36778
-3.36854
-3.36884
-3.36929
-3.36945
-3.3696
-3.3693
-3.36839
-3.3693
-3.36854
