1.89852
1.89337
1.88421
1.87038
1.85093
1.82456
1.78963
1.74432
1.68693
1.61631
1.53251
1.43759
1.3362
1.23551
1.1439
1.06889
1.01512
0.983574
0.97207
0.976423
0.991664
1.01289
1.03585
1.05723
1.07486
1.08776
1.09603
1.10065
1.10303
1.10453
1.1059
1.10712
1.10745
1.10563
1.10027
1.09027
1.07535
1.05651
1.03587
1.01607
0.999271
0.986512
0.977769
0.972631
0.970912
0.972788
0.978415
0.98745
0.998875
1.0111
1.02232
1.03091
1.03573
1.03619
1.03239
1.02529
1.01656
1.00823
1.00194
0.998377
0.997395
0.99854
1.00142
1.00572
1.01101
1.01652
1.02122
1.02414
1.02486
1.02382
1.02236
1.02212
1.02433
1.02926
1.03617
1.0437
1.05039
1.05528
1.05826
1.05995
1.06121
1.06239
1.06311
1.06253
1.06029
1.05695
1.05361
1.05128
1.05046
1.05118
1.05325
1.05626
1.0597
1.06288
1.06503
1.0655
1.0638
1.05967
1.05307
1.0441
1.08856
1.07391
1.05689
1.03813
1.01883
1.0009
0.986654
0.978133
0.976617
0.982547
0.995322
1.01304
1.03275
1.05138
1.06659
1.07707
1.0824
1.08291
1.07953
1.07368
1.067
1.06094
1.05619
1.0525
1.04909
1.04552
1.04229
1.04063
1.04183
1.04664
1.05507
1.06661
1.08045
1.09555
1.11063
1.12423
1.13492
1.14168
1.14436
1.14391
1.14221
1.1412
1.14162
1.14258
1.14226
1.13913
1.13284
1.12449
1.11631
1.11076
1.10921
1.11119
1.11479
1.11761
1.1177
1.11389
1.10588
1.09429
1.08074
1.06831
1.061
1.06175
1.06969
1.08028
1.08859
1.09247
1.09305
1.09319
1.09525
1.09994
1.10652
1.11381
1.12105
1.12822
1.13597
1.14479
1.15393
1.16122
1.16418
1.16117
1.15196
1.13781
1.12158
1.10734
1.09906
1.09846
1.10423
1.1132
1.12254
1.1309
1.13793
1.14343
1.14666
1.1465
1.14208
1.13339
1.12133
1.1071
1.09135
1.07381
1.08045
1.05794
1.03585
1.018
1.00795
1.00744
1.01615
1.03233
1.05364
1.0778
1.10292
1.12746
1.15008
1.16952
1.18459
1.19445
1.19887
1.19831
1.1938
1.18652
1.1775
1.16732
1.1562
1.14417
1.13138
1.11829
1.10595
1.09613
1.09115
1.09317
1.10314
1.12003
1.14089
1.16181
1.17902
1.18987
1.19331
1.19001
1.18197
1.17189
1.16195
1.15332
1.14628
1.14105
1.13822
1.13865
1.14279
1.15023
1.15971
1.16959
1.17813
1.18376
1.18546
1.18315
1.17786
1.17092
1.16262
1.15189
1.13756
1.11988
1.1009
1.08371
1.07136
1.06557
1.06608
1.07083
1.07684
1.08137
1.08264
1.0799
1.07288
1.06138
1.04534
1.02541
1.00355
0.983115
0.968107
0.961849
0.965929
0.979989
1.00221
1.03012
1.061
1.09207
1.12053
1.1438
1.15987
1.16769
1.16722
1.15957
1.14704
1.13259
1.11903
1.10786
1.0989
1.09106
1.08342
1.07576
1.06828
1.06142
1.0562
1.05403
1.05551
1.05934
1.0632
1.06532
1.06534
1.06395
1.0622
1.06094
1.06059
1.06117
1.06239
1.06397
1.06583
1.06821
1.07165
1.07671
1.0837
1.09242
1.10217
1.11189
1.12042
1.12674
1.12988
1.12906
1.1242
1.11677
1.10998
1.10775
1.11273
1.12489
1.1418
1.15984
1.17541
1.18565
1.1886
1.18334
1.17014
1.15058
1.12752
1.10464
1.0856
1.07296
1.06745
1.06806
1.07287
1.08013
1.08884
1.09853
1.10856
1.11762
1.12383
1.12554
1.12201
1.11381
1.10287
1.09211
1.08471
1.08305
1.08789
1.09809
1.11102
1.12342
1.13226
1.13529
1.13151
1.12123
1.10599
1.08816
1.07055
1.0562
1.048
1.04804
1.05672
1.07236
1.09175
1.11116
1.12729
1.1377
1.14111
1.13755
1.12849
1.11666
1.10538
1.09757
1.09481
1.09705
1.10296
1.11074
1.11886
1.12651
1.13344
1.13975
1.14562
1.15106
1.15561
1.15808
1.15667
1.14965
1.13641
1.11831
1.09824
1.07887
1.06136
1.0463
1.03562
1.03249
1.03832
1.05015
1.0624
1.07092
1.0747
1.07504
1.07412
1.07406
1.0762
1.08078
1.08694
1.09316
1.09785
1.09978
1.09831
1.09328
1.08486
1.07347
1.05996
1.04576
1.03287
1.02344
1.01917
1.02078
1.0279
1.03908
1.05233
1.06559
1.07714
1.08583
1.09105
1.09257
1.09032
1.08444
1.07528
1.06353
1.05023
1.03667
1.02407
1.01329
1.00486
0.999292
0.997419
1.00039
1.00907
1.02322
1.0411
1.06003
1.07729
1.09085
1.09974
1.10408
1.10491
1.10384
1.10268
1.10292
1.10541
1.11023
1.11699
1.12517
1.13434
1.14416
1.1543
1.16431
1.1736
1.18164
1.18823
1.19358
1.19797
1.20124
1.20233
1.19956
1.19149
1.17771
1.1593
1.13877
1.11944
1.1044
1.0952
1.0909
1.08879
1.08623
1.08211
1.077
1.07238
1.06984
1.07061
1.07529
1.08356
1.09427
1.10553
1.11521
1.12153
1.12357
1.12148
1.11628
1.10951
1.10274
1.0971
1.09316
1.091
1.09039
1.09106
1.09256
1.09427
1.09551
1.09615
1.09693
1.09911
1.10355
1.11
1.11723
1.12371
1.12816
1.12976
1.12825
1.12387
1.11717
1.10877
1.09939
1.09
1.0821
1.07769
1.07868
1.08588
1.09829
1.11311
1.12656
1.13512
1.13638
1.12954
1.1155
1.0968
1.07741
1.0623
1.05627
1.06202
1.07848
1.10121
1.12437
1.14282
1.15298
1.15296
1.1421
1.12078
1.09047
1.05411
1.01662
0.984604
0.964543
0.96
0.970402
0.992418
1.02205
1.05555
1.08941
1.12022
1.14494
1.16147
1.16899
1.16799
1.15995
1.14702
1.13186
1.11743
1.10632
1.09996
1.09821
1.09981
1.10327
1.10749
1.11209
1.11707
1.12253
1.12833
1.13405
1.13911
1.14295
1.14521
1.14565
1.1443
1.14146
1.13749
1.13216
1.12447
1.11341
1.09921
1.08401
1.07155
1.06591
1.06931
1.08071
1.09678
1.11425
1.13095
1.14542
1.15662
1.16407
1.16828
1.17066
1.1728
1.17561
1.17876
1.18093
1.18077
1.17783
1.17302
1.16816
1.16478
1.16296
1.1612
1.15731
1.14972
1.13805
1.12296
1.10567
1.08755
1.06997
1.05427
1.04153
1.0324
1.02694
1.02471
1.02505
1.02731
1.03102
1.03582
1.04142
1.04743
1.0534
1.05894
1.06377
1.06782
1.07124
1.07434
1.07749
1.08086
1.08425
1.08708
1.08859
1.08821
1.08572
1.08132
1.07564
1.06936
1.06304
1.05676
1.05002
1.04205
1.03246
1.02169
1.01132
1.00377
1.00163
1.00684
1.01989
1.03941
1.06251
1.08585
1.10668
1.1235
1.13605
1.14498
1.15118
1.15503
1.15644
1.15522
1.15172
1.14694
1.14227
1.13903
1.1382
1.14006
1.14421
1.14956
1.15467
1.15825
1.15968
1.1592
1.15769
1.15625
1.15569
1.15608
1.15654
1.1555
1.15147
1.14383
1.13308
1.12004
1.10527
1.08907
1.07224
1.05673
1.04572
1.04279
1.05017
1.06729
1.09093
1.11669
1.14023
1.15797
1.16729
1.16664
1.15576
1.1358
1.10947
1.08103
1.05569
1.03825
1.03145
1.03502
1.04623
1.06151
1.07801
1.09415
1.10935
1.12333
1.13549
1.14473
1.14956
1.14869
1.14148
1.12845
1.11123
1.09239
1.07469
1.06043
1.05111
1.04751
1.04967
1.05659
1.06597
1.07477
1.08033
1.08122
1.07713
1.06855
1.05657
1.04334
1.03252
1.02875
1.03545
1.05243
1.07601
1.10109
1.12316
1.13893
1.14657
1.14604
1.1391
1.12869
1.11789
1.1091
1.10363
1.10174
1.10297
1.10654
1.11182
1.11857
1.12679
1.13625
1.14625
1.15559
1.16295
1.16742
1.16869
1.167
1.16286
1.15675
1.14913
1.14052
1.13168
1.12364
1.11765
1.1149
1.11595
1.12038
1.12668
1.13267
1.13603
1.13498
1.12898
1.11908
1.10744
1.09612
1.08591
1.07626
1.06606
1.0548
1.04294
1.03188
1.0235
1.01965
1.0217
1.03013
1.04437
1.06267
1.08237
1.10045
1.11434
1.12264
1.12517
1.12265
1.11625
1.10743
1.09801
1.09009
1.08551
1.08496
1.0877
1.092
1.0959
1.09779
1.09664
1.0924
1.08617
1.07986
1.07556
1.07481
1.07803
1.0845
1.09263
1.10065
1.10713
1.11119
1.11236
1.11038
1.10521
1.09744
1.0888
1.0822
1.08054
1.08458
1.09206
1.09941
1.10409
1.10568
1.1053
1.10443
1.10389
1.10358
1.10249
1.09928
1.09275
1.08228
1.06784
1.04996
1.02984
1.0095
0.991793
0.97961
0.974832
0.977732
0.987192
1.00143
1.01855
1.03673
1.05435
1.07009
1.08319
1.09354
1.10163
1.10826
1.11426
1.12026
1.12652
1.13302
1.13954
1.14586
1.15164
1.15624
1.15863
1.15754
1.15195
1.14157
1.1272
1.11067
1.09442
1.08099
1.0723
1.06909
1.0706
1.07472
1.07874
1.08025
1.078
1.07211
1.06389
1.05515
1.04758
1.04227
1.03984
1.04086
1.04631
1.05693
1.07167
1.08747
1.10098
1.11041
1.11593
1.11892
1.12108
1.12378
1.12782
1.13336
1.14007
1.1474
1.15473
1.16149
1.16711
1.17096
1.17243
1.17097
1.16623
1.15819
1.1473
1.13453
1.1214
1.10979
1.10168
1.09858
1.10109
1.10868
1.11997
1.13316
1.1465
1.1586
1.16839
1.17516
1.17846
1.17809
1.17418
1.16731
1.15842
1.14861
1.13872
1.12908
1.11958
1.11014
1.10121
1.0938
1.08883
1.08608
1.08407
1.08099
1.0762
1.07071
1.06639
1.06457
1.06542
1.06822
1.07185
1.07532
1.07806
1.08009
1.08195
1.08434
1.0877
1.09185
1.09599
1.09907
1.10045
1.10032
1.09947
1.09851
1.09707
1.09372
1.08671
1.07535
1.06129
1.04869
1.04207
1.04298
1.04899
1.05618
1.06215
1.06694
1.0721
1.07907
1.08814
1.09797
1.10611
1.10984
1.10701
1.09677
1.08004
1.0598
1.04067
1.0279
1.02545
1.03409
1.05106
1.07171
1.09186
1.10926
1.12357
1.13531
1.14484
1.15193
1.156
1.15666
1.1542
1.14981
1.14527
1.14181
1.13942
1.13733
1.13486
1.13162
1.12734
1.12195
1.11593
1.11027
1.10603
1.10377
1.10348
1.10495
1.10797
1.11202
1.11583
1.11761
1.11562
1.10886
1.09727
1.08183
1.06436
1.0474
1.03385
1.02627
1.0262
1.03371
1.0475
1.06526
1.08426
1.10184
1.11601
1.12573
1.13102
1.13295
1.13324
1.13353
1.13465
1.13636
1.13789
1.13847
1.13763
1.13501
1.13024
1.12296
1.11309
1.10098
1.08758
1.07421
1.06215
1.05231
1.0452
1.0411
1.04016
1.04245
1.04786
1.05604
1.06642
1.07832
1.09108
1.10409
1.11673
1.12827
1.13791
1.14478
1.14816
1.14757
1.14289
1.13456
1.12354
1.11136
1.09981
1.09041
1.08391
1.08013
1.07823
1.07703
1.0754
1.07243
1.06757
1.06067
1.05224
1.04355
1.03667
1.03421
1.03845
1.05059
1.07023
1.0956
1.12408
1.1527
1.17877
1.20015
1.21528
1.22286
1.22193
1.21234
1.19562
1.17516
1.15456
1.13547
1.11703
1.09781
1.0775
1.05705
1.03802
1.02215
1.01091
1.00493
1.00364
1.00569
1.00971
1.01489
1.02097
1.02804
1.03645
1.04675
1.05939
1.07422
1.09014
1.10541
1.11836
1.12795
1.13386
1.13633
1.13578
1.13254
1.12707
1.12021
1.1134
1.10843
1.1068
1.10882
1.11358
1.11937
1.12452
1.12812
1.13029
1.13214
1.13521
1.14073
1.14902
1.15916
1.16933
1.17756
1.18236
1.18287
1.1785
1.16859
1.15256
1.13075
1.10537
1.08008
1.05806
1.04039
1.02697
1.01852
1.01687
1.02352
1.03816
1.05841
1.08058
1.10081
1.11599
1.12475
1.12795
1.12822
1.12853
1.13031
1.13303
1.13527
1.1359
1.13442
1.13084
1.12552
1.1191
1.1123
1.106
1.10107
1.09816
1.0974
1.09821
1.09947
1.0999
1.09841
1.09435
1.08762
1.0788
