-6.36253
-6.3548
-6.34106
-6.31926
-6.28677
-6.24207
-6.1862
-6.11507
-6.02672
-5.92019
-5.79419
-5.65059
-5.49911
-5.34912
-5.21276
-5.10069
-5.02094
-4.97484
-4.95865
-4.96533
-4.99001
-5.02126
-5.05554
-5.08806
-5.11466
-5.13417
-5.14641
-5.15243
-5.15632
-5.15886
-5.15985
-5.16124
-5.16173
-5.1587
-5.15082
-5.13596
-5.11359
-5.08578
-5.05466
-5.02526
-5.00097
-4.98093
-4.96796
-4.96116
-4.95919
-4.962
-4.97014
-4.98309
-4.99963
-5.01751
-5.03419
-5.04663
-5.05341
-5.05424
-5.04915
-5.03759
-5.02479
-5.0117
-5.00241
-4.99691
-4.99574
-4.99776
-5.00223
-5.00822
-5.01556
-5.02337
-5.02952
-5.033
-5.03467
-5.03343
-5.03093
-5.02981
-5.03206
-5.03855
-5.04907
-5.06113
-5.07147
-5.0782
-5.08297
-5.08656
-5.08829
-5.08795
-5.09009
-5.08876
-5.08511
-5.08054
-5.07569
-5.07204
-5.07216
-5.07295
-5.0762
-5.08027
-5.08497
-5.08989
-5.09357
-5.09352
-5.09097
-5.08402
-5.07473
-5.06112
-5.04186
-5.01928
-4.99345
-4.96621
-4.93695
-4.90991
-4.88899
-4.87591
-4.87378
-4.88343
-4.90245
-4.92888
-4.95935
-4.98714
-5.00936
-5.02599
-5.03413
-5.03565
-5.02998
-5.02179
-5.01118
-5.00224
-4.99526
-4.99002
-4.98551
-4.98138
-4.97562
-4.97312
-4.97477
-4.98108
-4.99418
-5.01073
-5.03134
-5.05491
-5.07737
-5.09838
-5.11426
-5.12501
-5.12918
-5.12896
-5.12686
-5.12503
-5.12597
-5.12712
-5.12617
-5.12163
-5.1116
-5.09877
-5.0868
-5.07817
-5.07493
-5.07806
-5.08406
-5.08936
-5.09056
-5.08483
-5.07313
-5.05573
-5.03496
-5.0163
-5.00564
-5.00631
-5.01853
-5.03458
-5.04735
-5.0536
-5.05357
-5.05317
-5.05596
-5.06269
-5.07135
-5.0826
-5.0936
-5.10406
-5.11569
-5.12997
-5.14323
-5.15433
-5.1586
-5.15348
-5.13967
-5.11784
-5.09454
-5.07258
-5.06015
-5.06032
-5.06988
-5.08348
-5.09765
-5.10974
-5.12044
-5.12944
-5.13444
-5.13405
-5.12666
-5.11408
-5.0966
-5.07525
-5.05116
-5.02395
-4.99014
-4.95772
-4.92504
-4.89857
-4.88303
-4.88258
-4.8955
-4.91916
-4.95112
-4.98767
-5.02565
-5.0617
-5.09428
-5.1242
-5.14529
-5.16024
-5.16701
-5.16648
-5.1594
-5.14894
-5.13496
-5.11954
-5.10134
-5.0839
-5.06442
-5.04493
-5.02672
-5.01229
-5.00497
-5.00874
-5.02234
-5.04768
-5.07958
-5.11157
-5.13739
-5.15337
-5.15838
-5.15236
-5.14061
-5.12487
-5.10997
-5.09686
-5.08616
-5.07877
-5.07452
-5.07486
-5.08198
-5.09345
-5.10736
-5.12203
-5.13499
-5.1433
-5.14599
-5.14282
-5.1346
-5.12358
-5.11143
-5.09669
-5.0749
-5.04868
-5.01975
-4.99412
-4.97589
-4.9669
-4.96782
-4.97465
-4.98442
-4.99212
-4.99448
-4.98961
-4.97938
-4.96123
-4.93702
-4.90712
-4.87357
-4.84443
-4.82146
-4.81192
-4.81759
-4.83838
-4.87172
-4.91418
-4.96095
-5.00756
-5.05041
-5.08591
-5.10988
-5.12161
-5.12074
-5.10867
-5.0888
-5.0688
-5.04815
-5.03185
-5.01917
-5.00635
-4.99504
-4.98355
-4.97097
-4.96084
-4.95254
-4.94944
-4.95211
-4.95757
-4.96441
-4.96789
-4.96762
-4.96569
-4.96321
-4.96132
-4.95959
-4.96046
-4.9629
-4.96496
-4.96865
-4.97131
-4.97678
-4.98407
-4.99455
-5.00779
-5.02332
-5.03895
-5.05191
-5.06198
-5.06594
-5.06592
-5.05878
-5.04839
-5.03896
-5.03592
-5.04292
-5.06042
-5.08684
-5.11375
-5.1362
-5.15141
-5.15539
-5.1475
-5.12754
-5.09835
-5.06391
-5.02822
-4.99981
-4.97994
-4.97063
-4.97155
-4.97846
-4.98935
-5.00212
-5.01605
-5.032
-5.04679
-5.05566
-5.05793
-5.05247
-5.04079
-5.02377
-5.00763
-4.99652
-4.99539
-5.00387
-5.01916
-5.03825
-5.05687
-5.07087
-5.07496
-5.06929
-5.05343
-5.03087
-5.00337
-4.97634
-4.95496
-4.9413
-4.94121
-4.95423
-4.97755
-5.00633
-5.03454
-5.05889
-5.07466
-5.08023
-5.07443
-5.06068
-5.04384
-5.02693
-5.01566
-5.01047
-5.01518
-5.02481
-5.03602
-5.04806
-5.06058
-5.07264
-5.0806
-5.08955
-5.09665
-5.10363
-5.10673
-5.10357
-5.09349
-5.07332
-5.04722
-5.01743
-4.98838
-4.96195
-4.93936
-4.92243
-4.91728
-4.92634
-4.94408
-4.96277
-4.97706
-4.98258
-4.98353
-4.982
-4.98327
-4.98512
-4.99183
-5.00062
-5.00981
-5.01563
-5.01868
-5.01632
-5.00954
-4.9969
-4.97997
-4.9591
-4.93764
-4.9189
-4.90446
-4.89745
-4.89896
-4.90858
-4.92399
-4.94418
-4.96467
-4.9817
-4.99488
-5.00286
-5.00499
-5.00222
-4.9931
-4.97845
-4.96037
-4.94042
-4.91933
-4.90028
-4.8844
-4.87115
-4.86401
-4.86226
-4.86701
-4.88079
-4.9008
-4.92778
-4.95558
-4.98207
-5.00196
-5.0162
-5.02256
-5.02304
-5.02295
-5.02211
-5.02247
-5.02742
-5.03374
-5.04418
-5.05766
-5.07111
-5.08555
-5.1
-5.11486
-5.12955
-5.14237
-5.15226
-5.16148
-5.16928
-5.17449
-5.17598
-5.17137
-5.15957
-5.1389
-5.11188
-5.082
-5.05224
-5.02968
-5.01512
-5.00853
-5.00521
-5.00168
-4.99459
-4.98692
-4.97938
-4.97587
-4.97598
-4.98269
-4.9948
-5.01072
-5.02806
-5.04318
-5.05281
-5.05633
-5.05213
-5.04463
-5.03448
-5.02432
-5.01541
-5.00905
-5.0055
-5.00459
-5.00559
-5.00769
-5.01071
-5.01242
-5.01308
-5.01395
-5.01676
-5.02358
-5.03371
-5.04485
-5.05412
-5.05989
-5.06289
-5.06169
-5.05497
-5.04536
-5.03231
-5.01854
-5.00582
-4.99352
-4.98735
-4.98868
-5.00009
-5.01886
-5.04124
-5.06142
-5.07365
-5.07524
-5.06498
-5.04347
-5.01572
-4.98618
-4.96351
-4.95416
-4.96157
-4.98597
-5.02036
-5.05482
-5.08278
-5.09849
-5.09725
-5.08156
-5.04913
-5.00335
-4.94911
-4.89227
-4.84515
-4.8146
-4.80764
-4.82354
-4.85642
-4.90011
-4.95067
-5.00116
-5.04813
-5.08567
-5.11031
-5.12189
-5.1207
-5.10909
-5.08802
-5.06665
-5.04454
-5.02712
-5.01787
-5.0142
-5.0157
-5.02027
-5.02752
-5.03487
-5.04249
-5.04992
-5.05803
-5.06706
-5.07373
-5.0795
-5.08319
-5.08446
-5.08242
-5.07908
-5.07221
-5.06452
-5.05344
-5.03655
-5.01601
-4.9935
-4.97497
-4.96575
-4.96995
-4.98674
-5.01025
-5.03676
-5.06074
-5.08185
-5.09865
-5.11088
-5.11644
-5.11955
-5.12186
-5.12623
-5.13079
-5.13375
-5.13397
-5.13046
-5.12416
-5.11626
-5.11179
-5.11057
-5.10869
-5.10316
-5.09237
-5.07563
-5.05314
-5.02706
-5.00033
-4.9729
-4.94844
-4.92948
-4.91624
-4.90926
-4.90622
-4.90688
-4.90951
-4.91477
-4.92152
-4.92977
-4.93924
-4.94819
-4.95635
-4.96345
-4.96953
-4.97405
-4.9781
-4.98206
-4.98697
-4.99176
-4.99676
-4.99963
-5.00057
-4.99607
-4.98857
-4.97792
-4.96806
-4.95888
-4.94931
-4.93995
-4.92786
-4.91436
-4.89821
-4.88251
-4.87149
-4.86902
-4.87684
-4.89702
-4.92509
-4.95959
-4.99415
-5.02601
-5.05123
-5.07081
-5.08436
-5.09366
-5.09868
-5.1014
-5.09956
-5.09447
-5.087
-5.07999
-5.07513
-5.07312
-5.07592
-5.08306
-5.09184
-5.09965
-5.10518
-5.10732
-5.1075
-5.10554
-5.10384
-5.10315
-5.10403
-5.10427
-5.10151
-5.09651
-5.08521
-5.06877
-5.04892
-5.02586
-5.00005
-4.97374
-4.95001
-4.93365
-4.92926
-4.94002
-4.96509
-5.00147
-5.04011
-5.07572
-5.10159
-5.1148
-5.11278
-5.0963
-5.06605
-5.02685
-4.9851
-4.94738
-4.92183
-4.91284
-4.91714
-4.93471
-4.95793
-4.98329
-5.00736
-5.03016
-5.05248
-5.07149
-5.08504
-5.09274
-5.09203
-5.08153
-5.06077
-5.03525
-5.00668
-4.97968
-4.95859
-4.94506
-4.9395
-4.94214
-4.95192
-4.9657
-4.97934
-4.98724
-4.98826
-4.98319
-4.96987
-4.9525
-4.93205
-4.91566
-4.91015
-4.91929
-4.94492
-4.98105
-5.01912
-5.05193
-5.07619
-5.08705
-5.08671
-5.07508
-5.05946
-5.04387
-5.03128
-5.02232
-5.01904
-5.02103
-5.02714
-5.03642
-5.04686
-5.05842
-5.07216
-5.08655
-5.10072
-5.11358
-5.11952
-5.12158
-5.12011
-5.11283
-5.10321
-5.09148
-5.07918
-5.06698
-5.05431
-5.04532
-5.04119
-5.04262
-5.04926
-5.05917
-5.06862
-5.07275
-5.07162
-5.06338
-5.04823
-5.03077
-5.01348
-4.99757
-4.98278
-4.96764
-4.9512
-4.93265
-4.91592
-4.9038
-4.89817
-4.90124
-4.91449
-4.93706
-4.96392
-4.99302
-5.02059
-5.04142
-5.05372
-5.05692
-5.0548
-5.04444
-5.03197
-5.01904
-5.00701
-4.99969
-4.99811
-5.00116
-5.00715
-5.01377
-5.01615
-5.01472
-5.00896
-5.00037
-4.99091
-4.98445
-4.98363
-4.98771
-4.99666
-5.01067
-5.023
-5.03288
-5.03836
-5.03997
-5.03578
-5.02682
-5.01441
-5.00115
-4.99275
-4.99087
-4.99724
-5.00907
-5.01964
-5.02589
-5.02873
-5.02726
-5.0261
-5.02439
-5.02392
-5.02289
-5.01762
-5.00889
-4.99409
-4.97228
-4.94471
-4.91422
-4.88311
-4.85639
-4.83827
-4.8311
-4.83621
-4.85055
-4.87191
-4.89608
-4.92349
-4.94917
-4.97278
-4.99107
-5.0063
-5.01919
-5.02792
-5.03753
-5.04592
-5.05667
-5.06627
-5.07606
-5.08523
-5.09495
-5.10171
-5.1059
-5.10381
-5.09557
-5.08031
-5.0577
-5.03199
-5.00806
-4.98792
-4.97564
-4.97128
-4.97324
-4.97837
-4.98439
-4.98621
-4.98404
-4.97506
-4.96227
-4.94917
-4.93871
-4.9306
-4.9256
-4.92742
-4.93651
-4.95244
-4.97425
-4.99795
-5.01791
-5.03206
-5.04004
-5.04542
-5.04835
-5.0521
-5.05786
-5.06586
-5.07624
-5.08678
-5.09808
-5.10837
-5.11771
-5.12378
-5.12644
-5.1235
-5.11684
-5.10569
-5.08981
-5.07111
-5.05095
-5.03369
-5.02167
-5.01732
-5.02108
-5.03263
-5.0497
-5.07009
-5.08997
-5.1078
-5.12234
-5.1319
-5.13639
-5.13598
-5.13103
-5.12072
-5.10799
-5.09358
-5.07814
-5.06428
-5.05034
-5.03512
-5.02096
-5.01016
-5.00224
-4.99813
-4.99496
-4.98958
-4.9833
-4.97537
-4.97055
-4.96874
-4.97016
-4.97359
-4.97934
-4.9841
-4.98806
-4.9911
-4.99435
-4.99854
-5.00432
-5.00966
-5.01541
-5.02003
-5.02225
-5.02145
-5.02063
-5.01918
-5.01657
-5.01185
-5.00089
-4.98324
-4.9623
-4.94203
-4.9312
-4.93302
-4.9428
-4.95237
-4.96148
-4.96836
-4.97549
-4.9864
-4.99834
-5.01324
-5.02561
-5.03119
-5.02635
-5.01129
-4.9862
-4.95612
-4.92833
-4.90994
-4.90535
-4.91832
-4.94333
-4.97476
-5.00513
-5.03153
-5.05329
-5.0706
-5.08581
-5.09689
-5.10315
-5.10399
-5.10105
-5.09432
-5.08781
-5.08216
-5.07797
-5.075
-5.07114
-5.06628
-5.06001
-5.05162
-5.04319
-5.035
-5.02758
-5.02404
-5.02391
-5.02581
-5.02943
-5.03612
-5.04093
-5.04421
-5.04107
-5.03077
-5.01264
-4.99007
-4.96432
-4.93903
-4.919
-4.90718
-4.90737
-4.9185
-4.93858
-4.96462
-4.99342
-5.0201
-5.04121
-5.05683
-5.06508
-5.06827
-5.06915
-5.06943
-5.07096
-5.07354
-5.07674
-5.07837
-5.07665
-5.07302
-5.06632
-5.0554
-5.04013
-5.02121
-5.00067
-4.98046
-4.96131
-4.94594
-4.93498
-4.92928
-4.92862
-4.93296
-4.94078
-4.95321
-4.96908
-4.98692
-5.00591
-5.02633
-5.04574
-5.06231
-5.07661
-5.08692
-5.09184
-5.08989
-5.08213
-5.06796
-5.05114
-5.03347
-5.01584
-5.00204
-4.99198
-4.98691
-4.98361
-4.98242
-4.97937
-4.97462
-4.96793
-4.95759
-4.94479
-4.9322
-4.92248
-4.91894
-4.92455
-4.942
-4.97236
-5.01134
-5.05345
-5.09593
-5.13579
-5.16817
-5.19192
-5.20284
-5.20098
-5.18614
-5.16212
-5.13278
-5.10175
-5.07265
-5.04499
-5.01631
-4.986
-4.95639
-4.92753
-4.90312
-4.88597
-4.87653
-4.874
-4.87797
-4.88355
-4.89179
-4.90045
-4.91089
-4.92231
-4.93836
-4.95808
-4.97957
-5.00329
-5.02529
-5.04608
-5.06016
-5.06917
-5.07289
-5.07191
-5.06705
-5.05869
-5.04779
-5.03742
-5.02968
-5.02707
-5.0307
-5.03876
-5.04685
-5.05487
-5.05996
-5.06322
-5.06615
-5.07089
-5.07994
-5.09298
-5.10712
-5.12163
-5.13413
-5.14088
-5.14088
-5.13403
-5.11917
-5.09527
-5.0615
-5.02281
-4.98322
-4.95125
-4.92353
-4.90371
-4.89193
-4.88931
-4.89868
-4.92019
-4.95102
-4.98504
-5.01568
-5.0389
-5.05235
-5.05684
-5.0574
-5.05756
-5.06113
-5.06491
-5.06843
-5.06998
-5.06805
-5.06344
-5.05577
-5.04643
-5.03563
-5.02588
-5.01938
-5.01578
-5.01495
-5.01662
-5.01866
-5.01946
-5.01692
-5.00992
-5.00073
-4.98674
