0.494204   0.49863   0.478074
-0.339471   -0.334597   0.485587
0.493101   -0.327361   -0.343596
-0.329715   -0.476661   -0.350919
-0.162661   -0.485884   -0.494913
0.0131993   -0.336586   -0.482733
-0.164106   -0.316333   -0.321199
-0.00729069   -0.479228   -0.326231
0.166098   -0.498207   0.495338
0.340741   -0.330997   -0.496125
0.170818   -0.337408   -0.320616
0.349427   -0.499106   -0.340858
-0.4886   -0.180641   0.483244
-0.328917   0.00333627   0.490935
-0.495373   0.00404772   -0.343236
-0.320944   -0.169741   -0.352709
-0.15944   -0.183073   0.486305
0.0049741   -0.0148866   0.488938
-0.167068   -0.0120489   -0.332571
-0.0050308   -0.159172   -0.320762
0.176474   -0.182779   -0.487289
0.327121   -0.0193724   -0.478249
0.157451   -0.0140173   -0.326747
0.33096   -0.179793   -0.30584
-0.484401   0.175116   0.48929
-0.34344   0.353363   -0.493082
-0.488016   0.324576   -0.330557
-0.311903   0.176985   -0.311421
-0.17542   0.174652   -0.487334
-0.0122084   0.335564   0.493199
-0.174293   0.339422   -0.325125
-7.75749e-05   0.138555   -0.347151
0.152338   0.173415   0.494298
0.318601   0.332427   -0.496352
0.162615   0.340155   -0.355217
0.344877   0.169984   -0.34336
-0.475581   0.493616   -0.192173
-0.348574   -0.330402   -0.162202
-0.492283   -0.356526   -0.0117017
-0.335384   -0.499379   0.00840145
-0.181498   -0.482152   -0.163817
-0.000674602   -0.327443   -0.15009
-0.175773   -0.33661   0.00255042
-0.0154447   -0.493356   -0.00589191
0.140654   -0.499708   -0.167787
0.352345   -0.354975   -0.16268
0.173576   -0.332357   0.00353213
0.342719   -0.480921   0.0154569
0.496409   -0.15817   -0.164271
-0.344337   -0.000934491   -0.163467
-0.496226   0.00882661   0.0104647
-0.342013   -0.173197   0.00300709
-0.176778   -0.150486   -0.15449
-0.0193947   0.0039408   -0.170931
-0.144397   0.0184101   0.0149095
0.0106044   -0.166465   0.0236682
0.172426   -0.160425   -0.15115
0.32402   -0.0058728   -0.164978
0.158424   0.0173475   -0.00450078
0.341378   -0.16683   0.00219541
-0.485382   0.16054   -0.156912
-0.326722   0.334995   -0.133406
0.490467   0.354297   0.0161851
-0.328283   0.16082   -0.0128067
-0.157718   0.163836   -0.155798
-0.00271552   0.305812   -0.169262
-0.15875   0.326928   0.0202937
0.0117343   0.184583   0.0144448
0.166082   0.16486   -0.188735
0.320743   0.330307   -0.176215
0.161348   0.325129   -0.0106745
0.33163   0.183952   -0.0102717
0.490935   -0.497088   0.169587
-0.328822   -0.337489   0.158021
-0.49089   -0.335025   0.325596
-0.338833   0.491571   0.307644
-0.160463   0.496261   0.168853
-0.00123997   -0.341689   0.17244
-0.163847   -0.326143   0.323852
0.00482571   0.498876   0.33188
0.157714   0.495648   0.143539
0.35302   -0.324128   0.165475
0.178074   -0.34083   0.327595
0.317035   0.481351   0.312212
0.492773   -0.16049   0.178151
-0.329805   -0.00797924   0.152183
0.470589   0.000314375   0.352971
-0.336208   -0.165672   0.327326
-0.148374   -0.162129   0.167725
-0.00245891   0.00637062   0.173857
-0.166325   -0.00657302   0.34118
0.0148683   -0.154581   0.331898
0.191919   -0.173957   0.165282
0.320722   0.0146263   0.140012
0.176752   -0.000214349   0.31522
0.324245   -0.171735   0.344054
-0.498835   0.150573   0.167701
-0.346316   0.33041   0.165493
-0.49826   0.318199   0.328082
-0.326628   0.157705   0.329045
-0.175013   0.169243   0.170112
0.0137208   0.341921   0.159694
-0.180175   0.317624   0.317258
-0.0083505   0.164058   0.334519
0.159036   0.176684   0.184676
0.320665   0.321924   0.168477
0.150952   0.33631   0.341679
0.331747   0.171736   0.334814
