-5.75045
-5.7388
-5.71549
-5.70415
-5.69314
-5.68568
-5.68179
-5.67757
-5.674
-5.67237
-5.66946
-5.66946
-5.66947
-5.66915
-5.66884
-5.66787
-5.6682
-5.6682
-5.66723
-5.66658
-5.66593
-5.66593
-5.66722
-5.66657
-5.66787
-5.66851
-5.66819
-5.66883
-5.66818
-5.66818
-5.66818
-5.66818
-5.66916
-5.66916
-5.66851
-5.66948
-5.67046
-5.66981
-5.67078
-5.67208
-5.67402
-5.6724
-5.67239
-5.67336
-5.67401
-5.67401
-5.67401
-5.67239
-5.67272
-5.67434
-5.67401
-5.67239
-5.67272
-5.67401
-5.67272
-5.6711
-5.67013
-5.66948
-5.66721
-5.66786
-5.66591
-5.66818
-5.6698
-5.6711
-5.67175
-5.67142
-5.67304
-5.67401
-5.67531
-5.67401
-5.67336
-5.6753
-5.6779
-5.67822
-5.6766
-5.67531
-5.67628
-5.67531
-5.67466
-5.67434
-5.67304
-5.67336
-5.67271
-5.674
-5.67174
-5.67304
-5.67304
-5.67336
-5.67142
-5.67336
-5.67434
-5.67433
-5.67595
-5.67498
-5.67563
-5.67466
-5.67433
-5.67498
-5.67433
-5.67336
-5.45337
-5.4537
-5.45273
-5.45143
-5.45176
-5.45046
-5.45046
-5.44819
-5.44851
-5.44916
-5.44883
-5.4498
-5.45013
-5.45077
-5.44948
-5.45045
-5.45046
-5.4524
-5.45305
-5.4537
-5.45467
-5.45791
-5.45953
-5.45823
-5.45726
-5.45855
-5.45629
-5.45758
-5.45822
-5.45887
-5.4579
-5.45596
-5.45531
-5.45596
-5.45434
-5.4566
-5.45563
-5.45401
-5.45401
-5.45433
-5.45466
-5.45401
-5.45434
-5.45466
-5.45272
-5.45207
-5.45336
-5.45271
-5.45109
-5.44948
-5.4498
-5.45077
-5.45207
-5.45369
-5.45304
-5.45304
-5.45174
-5.45175
-5.4524
-5.45143
-5.4524
-5.4511
-5.45078
-5.45239
-5.45271
-5.45272
-5.45531
-5.45499
-5.45369
-5.45628
-5.45499
-5.45563
-5.45725
-5.45757
-5.45854
-5.45822
-5.45984
-5.45952
-5.4579
-5.45855
-5.45563
-5.45563
-5.4566
-5.45498
-5.45531
-5.45822
-5.45757
-5.45757
-5.45887
-5.45725
-5.45628
-5.45498
-5.45434
-5.45401
-5.45531
-5.45531
-5.45239
-5.45271
-5.45304
-5.45433
-5.44831
-5.44895
-5.44928
-5.45187
-5.4509
-5.45057
-5.44799
-5.44572
-5.44669
-5.44734
-5.44637
-5.44896
-5.4496
-5.45058
-5.45123
-5.45091
-5.44961
-5.44767
-5.44929
-5.44864
-5.44929
-5.44994
-5.45059
-5.44897
-5.44767
-5.44702
-5.44605
-5.44702
-5.44734
-5.44767
-5.44734
-5.44864
-5.44605
-5.44637
-5.44799
-5.44702
-5.44735
-5.44831
-5.44799
-5.44799
-5.44572
-5.4454
-5.44766
-5.44831
-5.44766
-5.44798
-5.44701
-5.44863
-5.44929
-5.44929
-5.44735
-5.44864
-5.44994
-5.45059
-5.44994
-5.44961
-5.44994
-5.45124
-5.45221
-5.45059
-5.45091
-5.45026
-5.45156
-5.45221
-5.45188
-5.44929
-5.44929
-5.44767
-5.4467
-5.44605
-5.44573
-5.44832
-5.44767
-5.44833
-5.45027
-5.44995
-5.44768
-5.44833
-5.44865
-5.44962
-5.45059
-5.45027
-5.45059
-5.45124
-5.45092
-5.45059
-5.4493
-5.44865
-5.44735
-5.44703
-5.44768
-5.4493
-5.45092
-5.45253
-5.45156
-5.45124
-5.45286
-5.45254
-5.45351
-5.45287
-5.45222
-5.45157
-5.44963
-5.4493
-5.4506
-5.4493
-5.44995
-5.45092
-5.45059
-5.45027
-5.44897
-5.448
-5.44768
-5.44671
-5.44476
-5.44509
-5.44541
-5.4493
-5.4493
-5.45124
-5.45124
-5.45027
-5.45124
-5.44995
-5.4506
-5.45092
-5.45092
-5.44994
-5.45027
-5.45091
-5.45318
-5.45124
-5.44832
-5.44962
-5.44929
-5.44865
-5.44865
-5.44703
-5.44671
-5.44768
-5.44735
-5.44671
-5.44574
-5.44573
-5.44347
-5.44346
-5.44217
-5.44314
-5.44476
-5.4467
-5.4467
-5.44865
-5.4493
-5.45157
-5.45124
-5.44995
-5.44994
-5.44897
-5.45156
-5.45059
-5.44897
-5.45059
-5.45091
-5.45059
-5.44962
-5.44832
-5.44671
-5.44574
-5.44509
-5.44509
-5.44606
-5.4438
-5.44541
-5.4467
-5.44379
-5.44541
-5.44476
-5.44282
-5.44282
-5.44282
-5.44218
-5.4438
-5.44639
-5.44768
-5.44735
-5.448
-5.44929
-5.44768
-5.45156
-5.44994
-5.44865
-5.44735
-5.44703
-5.44671
-5.44703
-5.44735
-5.44735
-5.44735
-5.44735
-5.44735
-5.44702
-5.44411
-5.44637
-5.44702
-5.44573
-5.44411
-5.44573
-5.44509
-5.44703
-5.44898
-5.44768
-5.44897
-5.44994
-5.44929
-5.44929
-5.45091
-5.44994
-5.44962
-5.44865
-5.44897
-5.448
-5.448
-5.44573
-5.44671
-5.44671
-5.44897
-5.44833
-5.44865
-5.44833
-5.4506
-5.45157
-5.44995
-5.45157
-5.45092
-5.44962
-5.45059
-5.44995
-5.4493
-5.4493
-5.44929
-5.45059
-5.45091
-5.45059
-5.45059
-5.45124
-5.45091
-5.44962
-5.44897
-5.44962
-5.44994
-5.44865
-5.44768
-5.44703
-5.44832
-5.44638
-5.44573
-5.44475
-5.44443
-5.4454
-5.44475
-5.4454
-5.44864
-5.44962
-5.45124
-5.45221
-5.44994
-5.45027
-5.44832
-5.44994
-5.45026
-5.44864
-5.45026
-5.45188
-5.4522
-5.44929
-5.44994
-5.44961
-5.45026
-5.4509
-5.44832
-5.44864
-5.4454
-5.44345
-5.44475
-5.44507
-5.44636
-5.44896
-5.44766
-5.44637
-5.44767
-5.44896
-5.44896
-5.44799
-5.44734
-5.44669
-5.44766
-5.44799
-5.44799
-5.44929
-5.44832
-5.44832
-5.45026
-5.44961
-5.44799
-5.44993
-5.4509
-5.45058
-5.44928
-5.44961
-5.44929
-5.44864
-5.44735
-5.44702
-5.44734
-5.44734
-5.4483
-5.44701
-5.44474
-5.44475
-5.44831
-5.44864
-5.44735
-5.44864
-5.44994
-5.45026
-5.44896
-5.45058
-5.45026
-5.44993
-5.44604
-5.44896
-5.44895
-5.44798
-5.44701
-5.44863
-5.44507
-5.4441
-5.4454
-5.44702
-5.4454
-5.4454
-5.44572
-5.44637
-5.4441
-5.44377
-5.44701
-5.44701
-5.44701
-5.44766
-5.44571
-5.44506
-5.44668
-5.4483
-5.44895
-5.44992
-5.45025
-5.44895
-5.44798
-5.45057
-5.44928
-5.45155
-5.44993
-5.45025
-5.44928
-5.44702
-5.44636
-5.44604
-5.44603
-5.44636
-5.44733
-5.44798
-5.44766
-5.44669
-5.44766
-5.44896
-5.44734
-5.44767
-5.44799
-5.44734
-5.44733
-5.44668
-5.44798
-5.44798
-5.44765
-5.44669
-5.44571
-5.44409
-5.44474
-5.44442
-5.44669
-5.44733
-5.44928
-5.44831
-5.4496
-5.45219
-5.45284
-5.45219
-5.45089
-5.45219
-5.45445
-5.4551
-5.45413
-5.45251
-5.4483
-5.44928
-5.4496
-5.45057
-5.45057
-5.45057
-5.45025
-5.45024
-5.45024
-5.4496
-5.45057
-5.45057
-5.45058
-5.45025
-5.44637
-5.44572
-5.44507
-5.44345
-5.44442
-5.44312
-5.44215
-5.4441
-5.44539
-5.44733
-5.44636
-5.44539
-5.44636
-5.44604
-5.44895
-5.44993
-5.44961
-5.45155
-5.45252
-5.44961
-5.4509
-5.44831
-5.44734
-5.44701
-5.44928
-5.44928
-5.45187
-5.44831
-5.44863
-5.4509
-5.45155
-5.4509
-5.45187
-5.45316
-5.45284
-5.45284
-5.45252
-5.4509
-5.45414
-5.45155
-5.4509
-5.44863
-5.44798
-5.44701
-5.44506
-5.4428
-5.44182
-5.44053
-5.44247
-5.44312
-5.44312
-5.44409
-5.44312
-5.44441
-5.44506
-5.44635
-5.44506
-5.44603
-5.44733
-5.44895
-5.44927
-5.4483
-5.44701
-5.4483
-5.44798
-5.44798
-5.447
-5.44603
-5.44668
-5.44474
-5.44636
-5.44636
-5.44862
-5.44992
-5.45057
-5.45089
-5.45024
-5.44895
-5.447
-5.44927
-5.44992
-5.45056
-5.44894
-5.44862
-5.44667
-5.44635
-5.447
-5.44603
-5.44571
-5.44506
-5.44538
-5.44603
-5.44603
-5.4457
-5.44668
-5.44797
-5.4457
-5.44926
-5.44991
-5.447
-5.44732
-5.44603
-5.447
-5.44636
-5.44635
-5.44635
-5.4483
-5.4483
-5.44927
-5.44926
-5.44927
-5.45153
-5.45154
-5.44992
-5.44992
-5.45089
-5.45024
-5.45024
-5.44927
-5.45056
-5.44764
-5.44861
-5.44667
-5.44376
-5.44376
-5.44505
-5.44538
-5.4457
-5.44635
-5.447
-5.44732
-5.44894
-5.44959
-5.44927
-5.44927
-5.44991
-5.45056
-5.45024
-5.44894
-5.44765
-5.44862
-5.44862
-5.44667
-5.44635
-5.44732
-5.44668
-5.44538
-5.44894
-5.45024
-5.45089
-5.45251
-5.45251
-5.45089
-5.45283
-5.45315
-5.4538
-5.45542
-5.45509
-5.45542
-5.45477
-5.45574
-5.45412
-5.45218
-5.45347
-5.45477
-5.45153
-5.44991
-5.44862
-5.44959
-5.44829
-5.44958
-5.4499
-5.44796
-5.45024
-5.44959
-5.45024
-5.44959
-5.44992
-5.44926
-5.44926
-5.44861
-5.44829
-5.44991
-5.44861
-5.44959
-5.45024
-5.44959
-5.44603
-5.44635
-5.44505
-5.44538
-5.44506
-5.4457
-5.44603
-5.4457
-5.44505
-5.44473
-5.44732
-5.447
-5.44797
-5.44926
-5.45153
-5.4525
-5.45283
-5.45121
-5.4483
-5.44571
-5.44635
-5.447
-5.447
-5.447
-5.44732
-5.44862
-5.44862
-5.45121
-5.45088
-5.45185
-5.4525
-5.45153
-5.45315
-5.45283
-5.45251
-5.45348
-5.45186
-5.45056
-5.44991
-5.45056
-5.44926
-5.44732
-5.44473
-5.44473
-5.44441
-5.44765
-5.44959
-5.44862
-5.44765
-5.44635
-5.44797
-5.44894
-5.44926
-5.44861
-5.44894
-5.44732
-5.44635
-5.44539
-5.44409
-5.44344
-5.44117
-5.44441
-5.44538
-5.44505
-5.44635
-5.44732
-5.44861
-5.447
-5.447
-5.447
-5.44732
-5.44894
-5.44732
-5.44732
-5.44927
-5.44926
-5.45088
-5.44959
-5.44732
-5.44732
-5.44732
-5.44829
-5.45218
-5.45445
-5.45348
-5.45412
-5.45444
-5.45444
-5.45347
-5.45314
-5.4525
-5.45153
-5.44991
-5.44764
-5.44667
-5.44862
-5.45056
-5.45186
-5.45121
-5.45315
-5.4525
-5.45217
-5.45217
-5.45282
-5.45282
-5.45217
-5.45153
-5.45217
-5.4512
-5.45217
-5.4525
-5.45023
-5.45088
-5.45217
-5.45282
-5.45282
-5.45508
-5.45346
-5.45184
-5.45055
-5.44828
-5.44731
-5.44698
-5.44504
-5.44439
-5.44666
-5.44731
-5.44828
-5.44828
-5.44829
-5.45088
-5.45088
-5.4512
-5.44958
-5.4486
-5.44957
-5.4486
-5.44796
-5.44731
-5.44763
-5.44828
-5.44957
-5.44925
-5.44893
-5.4486
-5.44795
-5.44698
-5.44569
-5.44731
-5.44925
-5.4486
-5.44893
-5.45022
-5.45054
-5.45119
-5.45119
-5.44957
-5.44892
-5.44892
-5.4486
-5.44892
-5.44763
-5.44925
-5.44828
-5.4486
-5.4486
-5.4486
-5.45054
-5.45086
-5.44924
-5.44957
-5.44892
-5.44892
-5.44957
-5.44957
-5.44762
-5.44989
-5.44892
-5.44989
-5.45021
-5.44891
-5.44891
-5.44924
-5.44989
-5.45119
-5.4541
-5.45475
-5.45572
-5.4528
-5.4528
-5.45571
-5.45279
-5.45312
-5.45344
-5.45085
-5.45021
-5.44794
-5.44956
-5.44924
-5.44988
-5.45118
-5.45215
-5.44924
-5.44697
-5.44665
-5.44632
-5.44664
-5.44502
-5.44599
-5.4489
-5.44858
-5.44858
-5.44987
-5.44955
-5.45085
-5.4515
-5.45118
-5.45215
-5.45247
-5.44988
-5.44923
-5.44632
-5.44567
-5.44534
-5.44599
-5.4447
-5.44502
-5.44761
-5.44826
-5.44761
-5.44696
-5.44825
-5.44825
-5.44955
-5.44858
-5.44825
-5.44858
-5.44793
-5.45084
-5.44955
-5.44729
-5.44826
-5.45053
-5.45053
-5.45214
-5.4502
-5.4502
-5.45149
-5.45344
-5.45473
-5.45312
-5.45215
-5.45085
-5.44858
-5.44858
-5.44891
-5.44826
-5.44923
-5.44825
-5.44955
-5.44922
-5.44955
-5.45084
-5.45279
-5.45247
-5.45247
-5.45409
-5.45377
-5.45247
-5.4515
-5.45021
-5.44665
-5.446
-5.44697
-5.44664
-5.44761
-5.44632
-5.44794
-5.44761
-5.44728
-5.44987
-5.44793
-5.44987
-5.44858
-5.44922
-5.44987
-5.44858
-5.44988
-5.45053
-5.45183
-5.45215
-5.45182
-5.45377
-5.45376
-5.45409
-5.45409
-5.45279
-5.45149
-5.45052
-5.4502
-5.44922
-5.44728
-5.44696
-5.44728
-5.44955
-5.44955
-5.45149
-5.45214
-5.44955
-5.44793
-5.44696
-5.44793
-5.44664
-5.44631
-5.44826
-5.44825
-5.44987
-5.45052
-5.45084
-5.45214
-5.45052
-5.45084
-5.44826
-5.44858
-5.44955
-5.45085
-5.45052
-5.44761
-5.44923
-5.4489
-5.45085
-5.45053
-5.45182
-5.45053
-5.45053
-5.45151
-5.4541
-5.45118
-5.45183
-5.45247
-5.45085
-5.45182
-5.45019
-5.45084
-5.44825
-5.44923
-5.45021
-5.45021
-5.45053
-5.45021
-5.44859
-5.44729
-5.44599
-5.44696
-5.44567
-5.44599
-5.44534
-5.44663
-5.44534
-5.44631
-5.44599
-5.44599
-5.44664
-5.44728
-5.44729
-5.4502
-5.4502
-5.44858
-5.44923
-5.44988
-5.45052
-5.45214
-5.45376
-5.45344
-5.45182
-5.45247
-5.45279
-5.45053
-5.44891
-5.44988
-5.44955
-5.44696
-5.44631
-5.44728
-5.44501
-5.44533
-5.44695
-5.44825
-5.44825
-5.44987
-5.44987
-5.45181
-5.44987
-5.45019
-5.45084
-5.45214
