2.08235
2.02247
1.92275
1.78602
1.61744
1.42555
1.22276
1.02513
0.850444
0.714541
0.627497
0.591114
0.599118
0.639761
0.699234
0.764588
0.825514
0.875002
0.909251
0.927193
0.929874
0.919883
0.900779
0.876566
0.851309
0.828693
0.811897
0.803597
0.805938
0.820433
0.847713
0.887174
0.936645
0.992417
1.04975
1.10371
1.15003
1.18569
1.20919
1.22063
1.22163
1.21488
1.20355
1.19078
1.17894
1.16928
1.16193
1.15617
1.15094
1.14526
1.13846
1.13015
1.12016
1.10862
1.09591
1.08268
1.07004
1.05944
1.05257
1.05086
1.05511
1.06496
1.07886
1.09461
1.11014
1.1242
1.13653
1.14748
1.1574
1.16609
1.17298
1.1773
1.17863
1.17695
1.17271
1.16643
1.15863
1.14942
1.1386
1.12604
1.11226
1.09857
1.08689
1.07912
1.07594
1.07627
1.07764
1.07712
1.07231
1.06191
1.04594
1.02574
1.00372
0.982839
0.965872
0.954871
0.95094
0.95422
0.964086
0.979356
1.21759
1.23167
1.23882
1.23696
1.22463
1.20154
1.1689
1.12953
1.08752
1.04778
1.01547
0.995172
0.990074
1.00146
1.02862
1.06905
1.11899
1.17384
1.22885
1.27948
1.32209
1.35415
1.37458
1.38364
1.3829
1.37501
1.36319
1.35061
1.33936
1.32975
1.32032
1.30876
1.29328
1.27367
1.25141
1.22877
1.20743
1.18794
1.1704
1.15499
1.14209
1.13182
1.12394
1.11805
1.11408
1.11251
1.11423
1.11996
1.1296
1.14226
1.15658
1.17134
1.18587
1.20004
1.21394
1.22749
1.24007
1.25019
1.25562
1.254
1.24396
1.22624
1.2043
1.18351
1.16869
1.1614
1.15932
1.15854
1.15637
1.15247
1.14874
1.14799
1.1523
1.16222
1.17661
1.19344
1.21063
1.22637
1.23925
1.24821
1.25282
1.25337
1.25099
1.24734
1.24425
1.24315
1.24475
1.24869
1.25379
1.25848
1.26128
1.26125
1.25837
1.25308
1.24582
1.23687
1.22653
1.21541
1.20456
1.19515
1.19356
1.18966
1.18865
1.18974
1.19183
1.19392
1.19548
1.19675
1.1986
1.20213
1.20824
1.21701
1.22737
1.23741
1.24499
1.24842
1.24708
1.24195
1.23521
1.22961
1.22716
1.22805
1.23046
1.2314
1.22826
1.22013
1.20815
1.19514
1.18442
1.1785
1.17811
1.18227
1.18877
1.19487
1.19809
1.19664
1.18961
1.17718
1.16031
1.14061
1.12007
1.10084
1.08522
1.07581
1.07536
1.08579
1.1075
1.13867
1.17561
1.21374
1.24887
1.27805
1.29982
1.31396
1.32114
1.3224
1.31871
1.3109
1.29959
1.28528
1.26866
1.25063
1.23226
1.21447
1.19775
1.18227
1.16829
1.1569
1.1502
1.15068
1.15995
1.1774
1.20001
1.22337
1.24307
1.25619
1.26183
1.26097
1.25603
1.24979
1.2446
1.2416
1.24044
1.23972
1.23769
1.23295
1.22498
1.21424
1.2018
1.18891
1.17636
1.16482
1.15524
1.14948
1.15015
1.15905
1.17566
1.19705
1.21925
1.23868
1.25275
1.26006
1.26046
1.25464
1.24385
1.22936
1.2121
1.19277
1.17219
1.15184
1.13374
1.11988
1.11168
1.10977
1.1137
1.12246
1.13494
1.1503
1.16797
1.18724
1.20693
1.2251
1.23931
1.24713
1.24689
1.23843
1.22359
1.20581
1.18895
1.17604
1.16851
1.16628
1.16845
1.17379
1.1811
1.18948
1.19823
1.20664
1.21382
1.21873
1.22025
1.21758
1.21048
1.19957
1.18636
1.17306
1.16221
1.15598
1.15546
1.16047
1.16947
1.18013
1.18997
1.19709
1.20071
1.20128
1.20004
1.19827
1.1968
1.19573
1.19472
1.19362
1.19281
1.19316
1.19553
1.20023
1.20674
1.21372
1.21955
1.22269
1.22219
1.21808
1.21111
1.20287
1.19534
1.19069
1.19098
1.19756
1.20995
1.22571
1.24138
1.25387
1.26165
1.26486
1.26501
1.26436
1.26504
1.26795
1.27238
1.27634
1.27748
1.27395
1.2646
1.24896
1.22736
1.20109
1.17253
1.14468
1.12072
1.10337
1.09454
1.09514
1.10534
1.12465
1.15187
1.18471
1.21972
1.25257
1.27891
1.29554
1.30135
1.29748
1.28653
1.27117
1.2532
1.23365
1.2132
1.19286
1.17412
1.15855
1.14713
1.14005
1.13707
1.138
1.14294
1.15203
1.1651
1.18123
1.19893
1.21639
1.23182
1.2436
1.25066
1.25253
1.24916
1.2409
1.22838
1.21255
1.19455
1.17587
1.15804
1.14232
1.12956
1.1201
1.11388
1.11078
1.11092
1.11432
1.12053
1.12813
1.13504
1.13911
1.13882
1.13386
1.12535
1.11569
1.10838
1.10705
1.11439
1.13122
1.15588
1.18494
1.21406
1.23903
1.25695
1.2669
1.27008
1.26934
1.26783
1.26773
1.26994
1.27457
1.28136
1.28961
1.29836
1.30644
1.31257
1.31544
1.31377
1.30631
1.29238
1.27223
1.24745
1.22102
1.19687
1.17863
1.16864
1.16732
1.17334
1.18408
1.19659
1.2081
1.21701
1.22349
1.22955
1.238
1.25049
1.26608
1.28122
1.29132
1.29268
1.2837
1.26531
1.24065
1.21424
1.19075
1.17381
1.16445
1.16077
1.15874
1.15402
1.14353
1.12675
1.10621
1.08677
1.07414
1.07286
1.08476
1.10864
1.14082
1.17613
1.20912
1.2352
1.25151
1.25716
1.25299
1.24088
1.22346
1.20375
1.18492
1.17005
1.16175
1.16171
1.17024
1.18628
1.20752
1.23081
1.25286
1.27084
1.28282
1.28798
1.28648
1.27911
1.26703
1.25168
1.23475
1.21774
1.20207
1.18902
1.17993
1.17618
1.1785
1.18641
1.19823
1.21179
1.22521
1.23743
1.24835
1.25829
1.26721
1.27411
1.27692
1.27319
1.26106
1.24032
1.21322
1.18472
1.1614
1.14887
1.14939
1.16127
1.18022
1.20128
1.21985
1.2319
1.23431
1.22542
1.20581
1.17846
1.14834
1.12144
1.10274
1.09397
1.0934
1.09779
1.10484
1.11401
1.12594
1.14127
1.1598
1.18023
1.20043
1.21841
1.23289
1.24363
1.25103
1.25578
1.25865
1.26046
1.26193
1.26366
1.2659
1.26861
1.27151
1.27418
1.27591
1.27592
1.27345
1.26839
1.26182
1.25574
1.25221
1.25213
1.25447
1.25629
1.2541
1.24525
1.22881
1.20591
1.1793
1.15246
1.12843
1.10892
1.09414
1.08328
1.07568
1.07158
1.07211
1.07872
1.09235
1.11264
1.13771
1.1646
1.18998
1.21108
1.22651
1.23673
1.24358
1.24903
1.25389
1.25769
1.2595
1.25876
1.2557
1.25107
1.24561
1.23985
1.23417
1.229
1.22518
1.22384
1.22597
1.232
1.24118
1.25166
1.26096
1.26687
1.26794
1.26399
1.25579
1.24457
1.23157
1.21755
1.20263
1.18638
1.16809
1.14733
1.12454
1.10126
1.07989
1.06276
1.05177
1.04828
1.05332
1.06757
1.09098
1.1222
1.15828
1.19503
1.22796
1.25373
1.27086
1.28015
1.28397
1.28513
1.28546
1.28516
1.28322
1.2787
1.27163
1.26267
1.25285
1.24297
1.23339
1.22436
1.21604
1.20871
1.20296
1.19954
1.19933
1.2028
1.21002
1.22041
1.23277
1.24573
1.25777
1.26744
1.2735
1.27523
1.27251
1.26581
1.25594
1.24415
1.23215
1.22193
1.21532
1.21312
1.21436
1.21645
1.21627
1.21191
1.20341
1.19265
1.18224
1.1744
1.17073
1.1719
1.17776
1.18715
1.19811
1.20804
1.21392
1.21327
1.2048
1.18939
1.17001
1.15048
1.13407
1.12251
1.11624
1.11499
1.11836
1.12561
1.13569
1.14741
1.15962
1.17132
1.18168
1.18993
1.19524
1.19687
1.19445
1.18813
1.17857
1.16696
1.15489
1.14425
1.13698
1.13498
1.13976
1.15208
1.17173
1.19759
1.22778
1.25974
1.29002
1.31456
1.32958
1.33301
1.32535
1.30974
1.29079
1.27316
1.25998
1.25225
1.24911
1.24875
1.24936
1.24959
1.24876
1.24669
1.24341
1.23879
1.23246
1.22412
1.21424
1.20495
1.19989
1.20282
1.21492
1.23336
1.2521
1.26472
1.267
1.25784
1.23917
1.21519
1.19111
1.1716
1.15911
1.15337
1.15197
1.152
1.15151
1.15022
1.1491
1.14914
1.15041
1.15175
1.15156
1.14893
1.14442
1.13991
1.13786
1.1402
1.14777
1.16018
1.17606
1.19375
1.21174
1.22893
1.24469
1.25845
1.26946
1.27671
1.27926
1.27647
1.26826
1.25526
1.23875
1.22047
1.20247
1.18686
1.17534
1.16885
1.16726
1.16939
1.17328
1.17678
1.17816
1.17657
1.17242
1.16732
1.16343
1.16295
1.16722
1.17612
1.1879
1.19965
1.20832
1.21142
1.20773
1.19776
1.18371
1.16926
1.15854
1.15472
1.15893
1.17025
1.18627
1.20397
1.22021
1.23216
1.23803
1.23756
1.23223
1.22455
1.21727
1.21229
1.21022
1.21064
1.21275
1.21568
1.21844
1.21989
1.21905
1.21562
1.21029
1.20476
1.20111
1.20092
1.20476
1.21187
1.2204
1.22801
1.23239
1.23176
1.22517
1.2128
1.19593
1.17691
1.15872
1.14448
1.13656
1.13604
1.1426
1.15474
1.17032
1.18692
1.20216
1.21389
1.22066
1.22211
1.21919
1.21413
1.20976
1.20875
1.2126
1.22135
1.23358
1.24703
1.25956
1.26964
1.27643
1.2796
1.27894
1.27431
1.2659
1.25451
1.24147
1.22824
1.21589
1.20463
1.19418
1.18445
1.17604
1.17047
1.16972
1.17529
1.18742
1.20462
1.22421
1.24313
1.2589
1.26984
1.27513
1.27489
1.26982
1.26103
1.24957
1.23618
1.22164
1.20667
1.1921
1.17875
1.16704
1.15695
1.14889
1.14411
1.14436
1.15039
1.16075
1.17212
1.181
1.1854
1.18519
1.18173
1.1772
1.17386
1.17366
1.17775
1.18624
1.19809
1.21122
1.22305
1.23105
1.23346
1.22983
1.22108
1.20906
1.1958
1.18299
1.17178
1.16292
1.15696
1.15428
1.15486
1.15799
1.16238
1.16667
1.17029
1.17388
1.17933
1.18917
1.20547
1.22821
1.25461
1.27955
1.29763
1.30505
1.30082
1.28699
1.26796
1.24932
1.23592
1.23029
1.23223
1.23976
1.25042
1.26201
1.27298
1.28256
1.29054
1.29689
1.30087
1.30063
1.29338
1.27615
1.24739
1.20816
1.16255
1.11646
1.07619
1.0472
1.03384
1.03855
1.06064
1.09548
1.13602
1.17556
1.20961
1.23593
1.2539
1.26393
1.2672
1.26559
1.26171
1.25803
1.25631
1.25664
1.25751
1.2567
1.25246
1.24421
1.23278
1.21992
1.20769
1.198
1.19221
1.19099
1.19454
1.20242
1.21337
1.22531
1.23596
1.24348
1.24717
1.24736
1.24516
1.24199
1.23915
1.2373
1.23658
1.23656
1.23646
1.23502
1.23068
1.22193
1.20784
1.18854
1.16559
1.14184
1.121
1.10686
1.1024
1.1089
1.12572
1.15076
1.18106
1.21373
1.24619
1.27634
1.30244
1.32315
1.33733
1.34417
1.34317
1.33421
1.31782
1.29518
1.26801
1.23805
1.20705
1.17681
1.14948
1.12788
1.11523
1.1141
1.12497
1.14572
1.17213
1.19914
1.22218
1.23798
1.24512
1.24385
1.23595
1.22363
1.2086
1.19179
1.1735
1.15426
1.13538
1.1192
1.10854
1.10589
1.11255
1.12799
1.15009
1.17588
1.2025
1.22765
1.24961
1.26673
1.27729
1.27969
1.27284
1.25679
1.23308
1.20481
1.17623
1.15195
1.13603
1.13072
1.13569
1.14827
1.16442
1.18016
1.1928
1.20154
1.20756
1.21338
1.22194
1.23525
1.25358
1.27518
1.2968
1.31464
1.32515
1.32583
1.31551
1.29426
1.26342
1.22568
1.18551
1.14963
1.12629
1.1226
1.13989
1.17205
1.20892
1.24099
1.26214
1.26996
1.26491
1.2496
1.22777
1.20357
1.18082
1.16237
1.15004
1.14447
1.14541
1.15216
1.16377
1.17935
1.19773
1.21719
1.23526
1.24925
1.25704
1.258
1.2532
1.24532
1.23788
1.23411
1.23587
1.24298
1.25336
1.26383
1.27118
1.27305
1.2681
1.25589
1.23691
1.21253
1.18528
1.15865
1.13627
1.12091
1.11386
1.11502
1.12323
1.1369
1.15434
1.17381
1.19353
1.21166
1.22652
1.23684
