1.38823
1.34832
1.28183
1.19068
1.0783
0.950365
0.81517
0.683422
0.566963
0.476361
0.418331
0.394076
0.399412
0.426507
0.466156
0.509725
0.550343
0.583335
0.606167
0.618129
0.619916
0.613255
0.600519
0.584377
0.567539
0.552462
0.541265
0.535731
0.537292
0.546956
0.565142
0.591449
0.62443
0.661611
0.699835
0.735805
0.766688
0.790459
0.806124
0.813751
0.814418
0.809919
0.802364
0.793852
0.785957
0.77952
0.774618
0.770781
0.76729
0.763509
0.758975
0.753431
0.746776
0.739081
0.730606
0.721787
0.713358
0.706295
0.701715
0.700572
0.70341
0.709976
0.719241
0.729741
0.74009
0.749464
0.757688
0.764987
0.771597
0.777394
0.781987
0.784867
0.785752
0.784635
0.781805
0.777623
0.772421
0.76628
0.759067
0.750696
0.741508
0.732379
0.724593
0.719411
0.717294
0.717514
0.718429
0.718081
0.714871
0.707937
0.697293
0.68383
0.66915
0.655226
0.643915
0.63658
0.63396
0.636147
0.642724
0.652904
0.811728
0.821115
0.825879
0.824637
0.816419
0.801025
0.779265
0.753017
0.725012
0.698523
0.676978
0.663448
0.66005
0.667642
0.685743
0.712698
0.745992
0.782562
0.819234
0.852987
0.881391
0.90277
0.916384
0.922424
0.921933
0.916674
0.908791
0.900407
0.892909
0.8865
0.880213
0.872505
0.862187
0.849113
0.834272
0.819182
0.804954
0.791961
0.780264
0.769994
0.761395
0.754547
0.749293
0.745364
0.742717
0.741671
0.742819
0.746637
0.753065
0.761508
0.771057
0.78089
0.790579
0.800028
0.809292
0.818325
0.826712
0.833458
0.837079
0.836003
0.829309
0.817491
0.802867
0.789005
0.779125
0.774267
0.772877
0.77236
0.770911
0.76831
0.765828
0.765326
0.7682
0.774813
0.784404
0.795627
0.807083
0.817577
0.826164
0.832138
0.835212
0.835583
0.833992
0.831562
0.829498
0.828769
0.829834
0.832459
0.835862
0.838986
0.840852
0.840836
0.838916
0.835385
0.830549
0.824583
0.817685
0.810276
0.803042
0.796769
0.795704
0.793108
0.79243
0.793159
0.794554
0.795947
0.796989
0.797835
0.799069
0.80142
0.805493
0.811341
0.818248
0.824941
0.829994
0.832279
0.831385
0.827966
0.823474
0.819738
0.818104
0.8187
0.820308
0.820933
0.818838
0.813418
0.805434
0.796757
0.789616
0.785666
0.785405
0.788178
0.792515
0.79658
0.798729
0.79776
0.793074
0.784789
0.773542
0.760404
0.746714
0.733892
0.723477
0.717206
0.716905
0.723862
0.738331
0.759116
0.783739
0.80916
0.832582
0.852034
0.866543
0.875972
0.880759
0.881597
0.87914
0.873935
0.86639
0.85685
0.845773
0.833752
0.821507
0.809648
0.798501
0.788179
0.778858
0.771269
0.766803
0.767121
0.773298
0.784931
0.800007
0.815578
0.828716
0.83746
0.841217
0.84065
0.837356
0.833196
0.829735
0.827731
0.826959
0.826477
0.825126
0.821967
0.816655
0.809492
0.801203
0.792608
0.784242
0.776548
0.770162
0.766321
0.766765
0.772699
0.78377
0.798031
0.812836
0.825784
0.835164
0.840041
0.840308
0.836425
0.82923
0.819574
0.80807
0.79518
0.781459
0.767894
0.75583
0.746585
0.741121
0.739843
0.742465
0.748308
0.756625
0.766868
0.778649
0.791492
0.804617
0.816735
0.826207
0.831419
0.831258
0.825617
0.815725
0.803871
0.792631
0.784029
0.779006
0.777522
0.778969
0.782524
0.787398
0.792986
0.798818
0.80443
0.809215
0.81249
0.8135
0.811719
0.806984
0.799711
0.790906
0.782043
0.774807
0.770654
0.770307
0.773644
0.77965
0.786751
0.793314
0.798059
0.800472
0.800852
0.800028
0.798845
0.797864
0.797152
0.796478
0.795749
0.795206
0.795439
0.797019
0.800153
0.804492
0.809148
0.813034
0.815126
0.814793
0.812051
0.807406
0.80191
0.796893
0.793795
0.793988
0.798373
0.806631
0.817143
0.827584
0.835912
0.841099
0.843242
0.84334
0.842907
0.843358
0.8453
0.848251
0.85089
0.851652
0.849298
0.843066
0.83264
0.818237
0.800729
0.781688
0.763123
0.747144
0.735577
0.729696
0.730093
0.736892
0.749769
0.767915
0.789806
0.813146
0.835045
0.852607
0.863697
0.867569
0.864988
0.857689
0.847447
0.835467
0.822435
0.808801
0.795237
0.782744
0.772364
0.764751
0.760034
0.758044
0.758664
0.761958
0.768022
0.776734
0.787485
0.799286
0.810927
0.821212
0.829065
0.833773
0.835019
0.832775
0.827267
0.818923
0.808367
0.796367
0.783914
0.772025
0.761544
0.75304
0.74673
0.742586
0.74052
0.74061
0.742877
0.747018
0.752087
0.756694
0.759404
0.759213
0.755907
0.750231
0.743794
0.738917
0.738032
0.742928
0.754145
0.770587
0.78996
0.809373
0.826017
0.837967
0.844598
0.846718
0.84623
0.845221
0.845155
0.846627
0.849713
0.854237
0.859743
0.865573
0.870962
0.875044
0.876963
0.875848
0.870875
0.861585
0.848151
0.83163
0.814016
0.797916
0.785754
0.779093
0.778217
0.782226
0.789388
0.797727
0.805399
0.81134
0.815661
0.8197
0.825331
0.833663
0.844054
0.854146
0.860878
0.861785
0.855801
0.84354
0.827103
0.809493
0.793833
0.782537
0.776302
0.773844
0.772491
0.769349
0.762353
0.751166
0.737475
0.724516
0.716093
0.715239
0.723174
0.739091
0.760543
0.784085
0.806079
0.823464
0.83434
0.838108
0.835326
0.827255
0.81564
0.802501
0.789948
0.780032
0.774499
0.774476
0.780159
0.790854
0.805014
0.820538
0.835242
0.847229
0.855211
0.858653
0.857652
0.852743
0.844683
0.834455
0.823164
0.811828
0.801381
0.792682
0.786618
0.784123
0.78567
0.790941
0.798819
0.807862
0.816809
0.824951
0.83223
0.838858
0.844809
0.849407
0.851277
0.848795
0.840706
0.826878
0.808811
0.789815
0.774266
0.765915
0.766259
0.774178
0.786813
0.800855
0.813236
0.821269
0.822872
0.816947
0.803873
0.78564
0.765557
0.747624
0.735159
0.729317
0.728934
0.73186
0.73656
0.742673
0.750626
0.760845
0.773202
0.786819
0.80029
0.812272
0.821929
0.829089
0.83402
0.837185
0.839103
0.840304
0.841288
0.842441
0.843933
0.845737
0.847671
0.849454
0.85061
0.850612
0.848964
0.845596
0.84121
0.83716
0.834804
0.834756
0.836314
0.837527
0.836066
0.830168
0.81921
0.803941
0.786197
0.768307
0.752288
0.739283
0.729426
0.722187
0.717122
0.714388
0.714739
0.719148
0.728233
0.74176
0.758475
0.776398
0.793323
0.807386
0.817673
0.824485
0.829053
0.832688
0.835924
0.83846
0.839666
0.839172
0.837132
0.834045
0.830405
0.826566
0.822779
0.819333
0.81679
0.815895
0.81731
0.821331
0.827454
0.83444
0.840641
0.844577
0.845291
0.842663
0.837194
0.829713
0.821045
0.811698
0.801756
0.790918
0.77873
0.764889
0.749695
0.734172
0.719924
0.708509
0.701182
0.698852
0.702212
0.711716
0.727318
0.748136
0.772188
0.796684
0.818643
0.83582
0.847237
0.853431
0.855982
0.856756
0.85697
0.856774
0.855478
0.852468
0.847751
0.841778
0.835231
0.828649
0.82226
0.816239
0.810694
0.805806
0.801974
0.799696
0.799554
0.801867
0.806681
0.813608
0.821846
0.830484
0.838511
0.844959
0.849002
0.850154
0.848343
0.843873
0.837292
0.829437
0.82143
0.81462
0.810216
0.808747
0.809575
0.810966
0.810849
0.807939
0.802273
0.795098
0.788159
0.782934
0.780487
0.781265
0.78517
0.791433
0.798739
0.805357
0.80928
0.808848
0.803197
0.79293
0.780009
0.766989
0.756044
0.748341
0.744158
0.74333
0.745575
0.750409
0.757128
0.764942
0.773078
0.780878
0.787789
0.793286
0.796828
0.797911
0.796302
0.792083
0.785716
0.777974
0.769925
0.76283
0.75799
0.756657
0.759841
0.768052
0.781155
0.798395
0.818523
0.839823
0.860014
0.876371
0.886388
0.888676
0.883567
0.873163
0.860528
0.848771
0.839989
0.834833
0.832743
0.832499
0.832905
0.833058
0.832507
0.831126
0.828941
0.82586
0.821643
0.816078
0.809491
0.803297
0.79993
0.801879
0.809943
0.822242
0.834733
0.843149
0.844666
0.838559
0.826114
0.810123
0.794071
0.781067
0.772742
0.768913
0.767981
0.768002
0.76767
0.766815
0.766064
0.766097
0.766938
0.767831
0.767705
0.765956
0.762949
0.759943
0.75857
0.760132
0.765182
0.773453
0.784039
0.795835
0.807824
0.819287
0.829793
0.838965
0.846303
0.85114
0.852839
0.850977
0.845505
0.836839
0.825836
0.813646
0.801645
0.791238
0.783558
0.779232
0.778173
0.779593
0.782186
0.784519
0.785437
0.784381
0.781612
0.778212
0.775621
0.775301
0.778145
0.784081
0.791933
0.799765
0.805544
0.807614
0.805154
0.798506
0.789137
0.779504
0.772363
0.769814
0.772623
0.780165
0.790845
0.802645
0.81347
0.821442
0.825355
0.82504
0.821485
0.816365
0.811516
0.808196
0.806811
0.807093
0.808502
0.810452
0.812294
0.81326
0.8127
0.810415
0.80686
0.803172
0.80074
0.800612
0.803173
0.807911
0.813602
0.818673
0.821596
0.821174
0.816782
0.808532
0.797286
0.784607
0.772483
0.762988
0.75771
0.75736
0.761734
0.769826
0.780213
0.791281
0.801439
0.809257
0.813772
0.814739
0.812796
0.809423
0.806506
0.805832
0.808399
0.814237
0.822386
0.831354
0.839704
0.84643
0.850957
0.853068
0.852624
0.849542
0.843936
0.836338
0.827646
0.818828
0.810594
0.803087
0.796121
0.789636
0.784029
0.780315
0.779811
0.78353
0.79161
0.803082
0.816138
0.828754
0.839267
0.846561
0.850086
0.849926
0.846544
0.840685
0.833044
0.824121
0.814427
0.804445
0.794733
0.785833
0.778025
0.771298
0.765929
0.762743
0.762907
0.766927
0.773833
0.781413
0.787335
0.790265
0.790127
0.787818
0.7848
0.782574
0.782443
0.785167
0.790824
0.798725
0.807482
0.815366
0.820701
0.822307
0.819886
0.814056
0.806041
0.797201
0.788662
0.781189
0.775283
0.771308
0.769518
0.769905
0.771991
0.774918
0.777781
0.78019
0.782586
0.78622
0.79278
0.803645
0.818809
0.836408
0.853036
0.865088
0.870033
0.867215
0.85799
0.845308
0.832881
0.823947
0.820195
0.821484
0.826507
0.833614
0.84134
0.848654
0.855042
0.860361
0.864591
0.867245
0.867086
0.862253
0.85077
0.831592
0.805442
0.77503
0.744307
0.717458
0.698133
0.689224
0.692368
0.70709
0.730319
0.757347
0.783707
0.806405
0.823952
0.835932
0.842621
0.844798
0.843724
0.841137
0.838684
0.837539
0.83776
0.83834
0.8378
0.834976
0.829473
0.821854
0.813279
0.805127
0.798667
0.794804
0.793994
0.79636
0.801616
0.808912
0.816872
0.823972
0.828988
0.831449
0.83157
0.830107
0.827992
0.8261
0.824865
0.824386
0.824374
0.824307
0.823345
0.820454
0.81462
0.805229
0.792362
0.77706
0.761223
0.747334
0.737907
0.73493
0.739268
0.750482
0.76717
0.787372
0.809153
0.830792
0.850894
0.868295
0.882103
0.891554
0.89611
0.895448
0.889475
0.878547
0.863453
0.845337
0.825368
0.8047
0.784539
0.766317
0.75192
0.74349
0.74273
0.74998
0.763816
0.781423
0.799429
0.814787
0.825321
0.830078
0.829233
0.823967
0.81575
0.805733
0.794525
0.78233
0.769505
0.756919
0.746136
0.739028
0.737258
0.741698
0.751991
0.766724
0.783922
0.801664
0.818436
0.833073
0.844488
0.851527
0.853127
0.848557
0.83786
0.822056
0.803207
0.784152
0.767964
0.757354
0.753815
0.757129
0.765515
0.776279
0.786771
0.795201
0.801027
0.805037
0.808919
0.814626
0.823498
0.835719
0.85012
0.864536
0.876426
0.883433
0.883887
0.877004
0.862839
0.842283
0.817118
0.790343
0.766421
0.750859
0.748399
0.759924
0.781368
0.805948
0.827327
0.841427
0.846638
0.843273
0.833066
0.818515
0.802381
0.787211
0.774916
0.766691
0.762978
0.763607
0.768105
0.775846
0.786231
0.798489
0.81146
0.823508
0.832832
0.838026
0.838667
0.835465
0.830212
0.825254
0.82274
0.823915
0.828655
0.835574
0.842552
0.847455
0.848698
0.845397
0.837263
0.824604
0.808351
0.790189
0.772433
0.757514
0.747274
0.74257
0.743348
0.74882
0.757934
0.769562
0.782541
0.795688
0.807775
0.817678
0.824561
