-7.83281
-7.76127
-7.63824
-7.49017
-7.31058
-7.11123
-6.90454
-6.7027
-6.52444
-6.38691
-6.29695
-6.26058
-6.26859
-6.30891
-6.36807
-6.43246
-6.49371
-6.5432
-6.57648
-6.59378
-6.59581
-6.58581
-6.568
-6.54314
-6.51917
-6.4972
-6.48008
-6.47243
-6.47412
-6.48862
-6.51589
-6.55536
-6.6058
-6.66158
-6.71826
-6.77319
-6.82049
-6.8555
-6.87997
-6.89271
-6.89565
-6.88728
-6.87594
-6.86414
-6.85295
-6.84329
-6.83594
-6.82857
-6.82365
-6.8196
-6.81248
-6.80254
-6.79288
-6.78263
-6.76863
-6.75378
-6.74016
-6.72892
-6.71978
-6.71871
-6.72103
-6.73314
-6.74866
-6.76571
-6.78188
-6.79562
-6.80957
-6.82149
-6.8327
-6.8401
-6.84634
-6.85261
-6.85653
-6.85517
-6.84931
-6.84174
-6.83491
-6.82473
-6.81326
-6.80038
-6.7853
-6.77193
-6.7596
-6.75312
-6.74768
-6.74931
-6.75068
-6.75049
-6.74373
-6.73527
-6.72028
-6.70008
-6.67967
-6.65782
-6.6415
-6.62953
-6.62527
-6.6292
-6.63842
-6.65272
-6.67097
-6.68537
-6.69155
-6.68839
-6.67639
-6.652
-6.61936
-6.57772
-6.53603
-6.49695
-6.4643
-6.44498
-6.4402
-6.45224
-6.47809
-6.5195
-6.56944
-6.62624
-6.6819
-6.73318
-6.77676
-6.81207
-6.83411
-6.84187
-6.84016
-6.83356
-6.81947
-6.80819
-6.79759
-6.78862
-6.77822
-6.76472
-6.74859
-6.72963
-6.70575
-6.68538
-6.66306
-6.64195
-6.62441
-6.60933
-6.59675
-6.58583
-6.57827
-6.5727
-6.56679
-6.56458
-6.56759
-6.57267
-6.58069
-6.59174
-6.60639
-6.62211
-6.63794
-6.65373
-6.66697
-6.68053
-6.69181
-6.70193
-6.70802
-6.70543
-6.69636
-6.67734
-6.65508
-6.6359
-6.6214
-6.61412
-6.61463
-6.61353
-6.61006
-6.60875
-6.60373
-6.60362
-6.60955
-6.61979
-6.63515
-6.65166
-6.67047
-6.68588
-6.69714
-6.70675
-6.70845
-6.709
-6.70759
-6.70233
-6.69955
-6.70137
-6.70232
-6.70626
-6.71266
-6.71573
-6.71756
-6.71624
-6.71271
-6.70709
-6.70113
-6.69218
-6.67892
-6.66813
-6.6576
-6.64948
-6.64186
-6.63862
-6.63792
-6.64161
-6.64273
-6.6445
-6.64347
-6.64247
-6.64529
-6.64947
-6.6546
-6.66597
-6.67698
-6.68799
-6.69622
-6.69933
-6.69669
-6.68962
-6.6845
-6.67825
-6.67644
-6.67799
-6.68105
-6.68037
-6.67593
-6.66715
-6.6542
-6.64216
-6.63177
-6.62616
-6.62545
-6.6309
-6.63482
-6.64124
-6.64609
-6.64366
-6.63696
-6.6255
-6.6083
-6.58859
-6.56579
-6.54623
-6.53288
-6.52412
-6.52302
-6.53378
-6.55451
-6.58731
-6.62489
-6.66303
-6.69622
-6.72669
-6.74976
-6.76454
-6.77108
-6.77201
-6.76865
-6.76214
-6.75179
-6.73586
-6.71957
-6.70089
-6.68382
-6.66668
-6.64964
-6.63156
-6.61758
-6.60458
-6.59691
-6.59673
-6.60568
-6.62572
-6.64769
-6.67169
-6.69334
-6.70614
-6.7095
-6.7093
-6.70468
-6.69941
-6.69519
-6.69186
-6.69103
-6.69095
-6.6886
-6.68354
-6.67428
-6.66289
-6.64916
-6.63594
-6.62404
-6.61412
-6.60616
-6.60201
-6.60171
-6.61029
-6.62851
-6.64959
-6.67277
-6.69154
-6.70497
-6.71163
-6.71009
-6.70394
-6.69444
-6.67866
-6.66205
-6.64369
-6.62278
-6.60211
-6.58272
-6.56788
-6.55936
-6.55647
-6.55846
-6.56755
-6.58035
-6.5996
-6.61727
-6.63848
-6.65817
-6.67537
-6.69055
-6.69708
-6.69749
-6.68935
-6.67451
-6.65575
-6.63921
-6.62696
-6.62169
-6.61752
-6.61678
-6.6234
-6.63039
-6.63813
-6.64687
-6.65367
-6.66053
-6.66641
-6.6676
-6.66429
-6.65621
-6.6453
-6.62983
-6.61653
-6.60438
-6.59912
-6.60022
-6.60717
-6.61618
-6.62878
-6.63927
-6.64866
-6.65195
-6.65122
-6.64999
-6.64724
-6.64836
-6.64632
-6.64369
-6.64421
-6.64372
-6.64375
-6.64515
-6.64855
-6.65344
-6.65946
-6.66464
-6.66778
-6.66825
-6.66187
-6.65652
-6.64957
-6.63913
-6.6361
-6.63574
-6.64038
-6.65276
-6.66853
-6.68355
-6.69766
-6.70804
-6.71254
-6.71236
-6.71236
-6.71433
-6.71563
-6.72394
-6.72628
-6.72613
-6.7213
-6.71163
-6.69567
-6.67438
-6.64844
-6.61988
-6.59203
-6.56806
-6.55071
-6.54156
-6.53925
-6.55171
-6.57168
-6.5976
-6.62882
-6.66545
-6.69766
-6.72594
-6.74452
-6.74903
-6.74645
-6.73647
-6.72046
-6.70249
-6.68456
-6.66314
-6.64247
-6.62276
-6.60752
-6.59512
-6.58805
-6.5828
-6.5847
-6.58964
-6.60101
-6.61343
-6.62988
-6.64726
-6.66699
-6.68339
-6.69355
-6.70223
-6.70345
-6.69879
-6.6915
-6.67833
-6.66185
-6.64385
-6.62517
-6.60862
-6.59323
-6.58015
-6.57068
-6.56511
-6.56169
-6.56053
-6.56328
-6.57014
-6.57807
-6.58369
-6.58678
-6.58585
-6.58218
-6.57172
-6.56142
-6.55313
-6.55148
-6.55979
-6.57597
-6.60128
-6.63358
-6.66368
-6.69026
-6.70916
-6.71684
-6.72034
-6.71766
-6.71777
-6.71799
-6.71858
-6.72483
-6.73323
-6.74181
-6.74765
-6.75638
-6.76218
-6.7657
-6.76468
-6.75463
-6.74102
-6.71763
-6.6909
-6.66577
-6.64194
-6.625
-6.61759
-6.61499
-6.61971
-6.63175
-6.64555
-6.65706
-6.665
-6.67084
-6.67624
-6.68566
-6.69848
-6.71407
-6.73051
-6.73964
-6.741
-6.73396
-6.71492
-6.68864
-6.66417
-6.64165
-6.62438
-6.61374
-6.61038
-6.60803
-6.60267
-6.59088
-6.57377
-6.55356
-6.53411
-6.52244
-6.51987
-6.5295
-6.55338
-6.58913
-6.62477
-6.65646
-6.68384
-6.70145
-6.70742
-6.70195
-6.69146
-6.67372
-6.65368
-6.63097
-6.619
-6.6107
-6.6097
-6.61725
-6.63492
-6.6526
-6.67491
-6.69826
-6.71786
-6.72821
-6.73338
-6.7322
-6.72548
-6.71112
-6.69546
-6.68176
-6.66475
-6.64908
-6.63668
-6.62564
-6.62125
-6.62519
-6.63471
-6.64718
-6.66172
-6.67546
-6.68638
-6.69633
-6.70886
-6.71649
-6.72566
-6.72684
-6.72344
-6.71034
-6.68733
-6.65958
-6.63076
-6.60743
-6.59523
-6.59672
-6.60925
-6.62788
-6.64797
-6.66752
-6.68086
-6.68165
-6.67309
-6.6538
-6.6258
-6.59567
-6.56812
-6.55071
-6.54195
-6.54106
-6.54448
-6.55055
-6.5581
-6.57068
-6.58569
-6.60649
-6.62756
-6.64971
-6.66672
-6.6825
-6.69582
-6.70387
-6.70797
-6.70955
-6.71264
-6.71639
-6.71876
-6.72003
-6.72112
-6.71981
-6.72346
-6.72552
-6.72649
-6.72402
-6.71897
-6.71206
-6.70598
-6.70245
-6.70173
-6.70504
-6.70686
-6.70468
-6.69551
-6.67518
-6.65163
-6.62437
-6.59591
-6.57285
-6.55205
-6.53629
-6.52738
-6.52107
-6.51892
-6.51847
-6.52411
-6.53871
-6.55868
-6.58667
-6.61453
-6.63959
-6.66263
-6.67903
-6.68633
-6.69448
-6.69734
-6.70122
-6.7047
-6.70878
-6.70804
-6.70757
-6.69938
-6.69424
-6.69075
-6.68572
-6.6799
-6.67706
-6.67701
-6.67881
-6.68484
-6.6937
-6.70256
-6.7151
-6.71841
-6.71883
-6.71262
-6.70377
-6.69158
-6.67663
-6.66034
-6.64446
-6.62691
-6.61057
-6.59045
-6.56766
-6.54535
-6.523
-6.50717
-6.49683
-6.49463
-6.49838
-6.5136
-6.5383
-6.57115
-6.60755
-6.64333
-6.67497
-6.70203
-6.71883
-6.72812
-6.73098
-6.73117
-6.73214
-6.7299
-6.72958
-6.72506
-6.72025
-6.71258
-6.70341
-6.69386
-6.68363
-6.6733
-6.66304
-6.65798
-6.65288
-6.65011
-6.64827
-6.65142
-6.6567
-6.66676
-6.67977
-6.69176
-6.70347
-6.7125
-6.71889
-6.72126
-6.71854
-6.71151
-6.70261
-6.69213
-6.67785
-6.67119
-6.66523
-6.66012
-6.66169
-6.66248
-6.66328
-6.65826
-6.64976
-6.639
-6.63053
-6.6227
-6.62
-6.62116
-6.62702
-6.63868
-6.64965
-6.65795
-6.66384
-6.66416
-6.65504
-6.63963
-6.61928
-6.60104
-6.58171
-6.57113
-6.56291
-6.55875
-6.56212
-6.57067
-6.58107
-6.59311
-6.60597
-6.61831
-6.62901
-6.63887
-6.64483
-6.64613
-6.64372
-6.63804
-6.62914
-6.6172
-6.60383
-6.59189
-6.5856
-6.5836
-6.58643
-6.59843
-6.61905
-6.64427
-6.67317
-6.70868
-6.74026
-6.76545
-6.78209
-6.78553
-6.77624
-6.76258
-6.74394
-6.72695
-6.7154
-6.70734
-6.70453
-6.70352
-6.7051
-6.70371
-6.70094
-6.70016
-6.69818
-6.69032
-6.68238
-6.67273
-6.66382
-6.65324
-6.64948
-6.65272
-6.66288
-6.6836
-6.70169
-6.71496
-6.71659
-6.70775
-6.68844
-6.66445
-6.63972
-6.61989
-6.60902
-6.60198
-6.60156
-6.60224
-6.60109
-6.59625
-6.59545
-6.5942
-6.59579
-6.5968
-6.59726
-6.59496
-6.59012
-6.58497
-6.58258
-6.58752
-6.59477
-6.60815
-6.62532
-6.64528
-6.66424
-6.68176
-6.6959
-6.70674
-6.71516
-6.72306
-6.72626
-6.72347
-6.71526
-6.70258
-6.68737
-6.66908
-6.65367
-6.63774
-6.62719
-6.62135
-6.61879
-6.62254
-6.62611
-6.62928
-6.63163
-6.62843
-6.62298
-6.61723
-6.61399
-6.61221
-6.61454
-6.62085
-6.63263
-6.64406
-6.65597
-6.66101
-6.65635
-6.64541
-6.63006
-6.61723
-6.60748
-6.60398
-6.60755
-6.61919
-6.63359
-6.65032
-6.66559
-6.67625
-6.68148
-6.67873
-6.67664
-6.66993
-6.66233
-6.65864
-6.65754
-6.65925
-6.65975
-6.66268
-6.66544
-6.66722
-6.668
-6.66295
-6.65761
-6.65402
-6.65037
-6.6518
-6.65435
-6.65919
-6.66773
-6.67533
-6.68069
-6.68394
-6.67962
-6.66627
-6.65005
-6.63135
-6.61317
-6.59795
-6.58971
-6.58854
-6.59413
-6.60465
-6.61796
-6.6336
-6.65078
-6.66445
-6.67251
-6.67331
-6.67234
-6.66663
-6.66193
-6.66092
-6.66542
-6.67417
-6.68575
-6.69856
-6.71173
-6.72085
-6.72861
-6.7321
-6.72916
-6.72519
-6.71808
-6.70732
-6.69428
-6.68332
-6.66935
-6.65647
-6.64473
-6.63274
-6.62335
-6.61746
-6.61476
-6.61969
-6.63407
-6.65193
-6.67249
-6.69141
-6.70719
-6.72072
-6.726
-6.72609
-6.71939
-6.70963
-6.69914
-6.68478
-6.6696
-6.65398
-6.63973
-6.62703
-6.61661
-6.6062
-6.59782
-6.59272
-6.59231
-6.59737
-6.60644
-6.61943
-6.63026
-6.634
-6.63412
-6.63195
-6.62774
-6.62505
-6.62485
-6.62732
-6.63516
-6.64701
-6.65982
-6.67197
-6.67868
-6.68271
-6.67811
-6.66969
-6.65766
-6.6444
-6.63353
-6.62265
-6.61217
-6.60653
-6.6032
-6.60378
-6.60755
-6.61194
-6.6143
-6.62017
-6.6228
-6.62922
-6.63938
-6.65438
-6.67713
-6.70385
-6.72945
-6.74882
-6.75915
-6.75557
-6.7427
-6.72076
-6.70212
-6.69163
-6.68309
-6.68534
-6.6932
-6.70127
-6.71222
-6.72092
-6.73212
-6.73978
-6.74677
-6.75205
-6.75278
-6.74262
-6.72313
-6.69404
-6.65449
-6.60919
-6.56148
-6.52218
-6.4961
-6.48241
-6.48713
-6.51051
-6.54503
-6.58687
-6.62706
-6.66078
-6.68808
-6.70637
-6.71381
-6.71643
-6.7119
-6.70737
-6.70337
-6.7023
-6.70134
-6.70253
-6.70431
-6.70072
-6.69182
-6.67975
-6.66817
-6.65594
-6.64755
-6.64078
-6.63924
-6.64312
-6.65035
-6.66421
-6.67486
-6.68324
-6.69174
-6.6977
-6.69788
-6.6973
-6.69219
-6.68935
-6.68879
-6.69002
-6.69129
-6.68958
-6.68716
-6.68153
-6.67051
-6.65643
-6.63745
-6.61385
-6.59106
-6.56926
-6.55641
-6.55162
-6.55845
-6.57657
-6.60354
-6.63352
-6.6662
-6.70028
-6.73011
-6.75491
-6.77466
-6.78754
-6.79081
-6.78917
-6.78118
-6.76446
-6.74279
-6.71432
-6.68599
-6.65466
-6.62409
-6.59935
-6.57581
-6.56511
-6.56267
-6.57419
-6.5956
-6.62072
-6.64902
-6.67271
-6.68981
-6.69727
-6.69567
-6.68972
-6.67739
-6.66269
-6.64587
-6.62629
-6.60575
-6.5859
-6.5694
-6.55776
-6.55317
-6.5595
-6.57527
-6.59964
-6.62543
-6.65399
-6.67979
-6.69916
-6.71466
-6.72425
-6.72762
-6.71948
-6.7031
-6.68134
-6.65306
-6.6261
-6.60246
-6.58687
-6.58286
-6.58621
-6.59912
-6.61267
-6.62874
-6.64236
-6.65239
-6.65808
-6.66099
-6.67117
-6.68415
-6.70443
-6.72571
-6.74863
-6.76517
-6.77568
-6.77734
-6.7696
-6.74544
-6.71525
-6.67815
-6.63636
-6.60145
-6.57648
-6.57344
-6.58814
-6.62128
-6.65913
-6.6912
-6.71268
-6.72017
-6.7135
-6.69689
-6.67377
-6.65053
-6.62648
-6.60836
-6.59538
-6.5911
-6.59075
-6.59847
-6.60976
-6.62533
-6.64437
-6.66447
-6.68255
-6.69945
-6.70724
-6.70658
-6.70243
-6.69519
-6.6884
-6.68625
-6.68963
-6.69642
-6.70518
-6.7163
-6.72398
-6.72357
-6.717
-6.70577
-6.68646
-6.65949
-6.63159
-6.60593
-6.58128
-6.56624
-6.56081
-6.56327
-6.57148
-6.58677
-6.60421
-6.62562
-6.6434
-6.66186
-6.67736
-6.68898
