35.9582
33.489
31.7112
29.8292
28.2254
26.1789
24.6564
23.485
22.5383
21.419
20.1219
18.6256
17.7221
16.951
16.1011
15.5143
14.7519
14.3165
13.7874
13.3544
12.9405
12.2656
11.8164
11.4673
11.0245
10.632
10.491
10.0551
9.74677
9.80177
9.80183
9.47218
9.18807
9.04905
8.94163
8.92844
8.64883
8.50995
8.34875
8.50201
8.21362
8.21176
8.00834
8.18587
8.15702
8.06468
7.75743
7.8432
7.91165
7.94812
7.79242
8.01878
7.92589
7.86604
7.98294
7.75218
8.02838
8.17844
7.86584
7.7174
7.68264
7.56386
7.49793
7.61985
7.39846
7.39051
7.59336
7.42763
7.66944
7.68721
7.78384
7.84604
7.7842
7.69555
7.57843
7.53365
7.43483
7.49428
7.37446
7.5086
7.11183
7.52567
7.32748
7.52683
7.62183
7.64344
7.565
7.60097
7.58542
7.37839
7.44854
7.50433
7.3794
7.51049
7.39973
7.56829
7.51746
7.28744
7.19214
7.42996
7.51612
7.46487
7.26259
7.19795
7.25551
7.19421
7.1545
7.43977
7.53275
7.62597
7.44388
7.48661
7.41228
7.40864
7.50497
7.40323
7.26759
7.64607
7.55923
7.42541
7.44374
7.25146
7.28805
7.14357
7.06655
7.26259
7.30707
7.46562
7.56458
7.57554
7.50014
7.59757
7.28985
7.52454
7.74129
7.65295
7.66459
7.64204
7.56413
7.51078
7.58918
7.46518
7.35438
7.42861
7.76543
7.75749
7.89052
7.82631
7.74045
7.39564
7.63543
7.99977
7.77287
7.74515
7.50567
7.61766
7.61805
7.46335
7.54009
7.54378
7.55761
7.45171
7.42235
7.48029
7.28934
7.44549
7.60291
7.39671
7.50523
7.48957
7.46425
7.48671
7.42886
7.61067
7.48306
7.39313
7.61072
7.63388
7.56057
7.37372
7.47234
7.42002
7.45898
7.67474
7.40847
7.26001
7.37832
7.42092
7.35308
7.39285
7.39993
7.3546
7.14656
7.11175
7.16933
7.55355
7.36657
7.51526
7.67786
7.68057
7.6458
7.63055
7.6893
7.46344
7.36639
7.51232
7.25611
7.25458
7.08297
7.38336
7.3665
7.34916
7.32127
7.41766
7.28007
7.52869
7.54602
7.32447
7.27378
7.13476
7.19841
7.34739
7.19163
7.01674
7.11546
7.38807
7.48008
7.28965
7.40834
7.5697
7.30839
7.31486
7.33893
7.42517
7.51706
7.55115
7.45401
7.35335
7.48286
7.54891
7.37569
7.46494
7.47716
7.66001
7.69144
7.75071
7.74646
7.67899
7.45633
7.30007
7.54419
7.54293
7.51348
7.342
7.36451
7.43355
7.49604
7.61372
7.59634
7.35704
7.18349
7.41639
7.57046
7.44926
7.51079
7.32743
7.29672
7.23846
7.17565
7.34037
7.28874
7.228
7.40161
7.45264
7.49902
7.38262
7.27117
7.42487
7.52586
7.46079
7.37244
7.64747
7.82432
7.52689
7.5513
7.51248
7.63175
7.70548
7.59571
7.53905
7.66562
7.77446
7.75581
7.80516
7.84806
7.80985
7.99321
7.82865
7.8508
7.67292
