0 7 20 13 18 9 11 12 25 21 2 6 8 31 19 15 5 17 27 24 26 4 30 10 3 16 28 29 22 23 1 14 6.2403
0 7 20 13 18 9 11 12 25 21 2 6 8 31 19 15 5 17 27 24 26 4 30 10 3 16 28 29 22 23 1 14 6.2403
0 7 20 13 18 9 11 12 25 21 2 6 8 31 19 15 5 17 27 24 26 4 30 10 3 16 28 29 22 23 1 14 6.2403
0 7 20 13 18 9 11 12 25 21 2 6 8 31 19 15 5 17 27 24 26 4 30 10 3 16 28 29 22 23 1 14 6.2403
0 7 20 13 18 9 11 12 25 21 2 6 8 31 19 15 5 17 27 24 26 4 30 10 3 16 28 29 22 23 1 14 6.2403
0 7 20 13 18 9 11 12 25 21 2 6 8 31 19 15 5 17 27 24 26 4 30 10 3 16 28 29 22 23 1 14 6.2403
0 7 20 13 18 9 11 12 25 21 2 6 8 31 19 15 5 17 27 24 26 4 30 10 3 16 28 29 22 23 1 14 6.2403
0 7 20 13 18 9 11 12 25 21 2 6 8 31 19 15 5 17 27 24 26 4 30 10 3 16 28 29 22 23 1 14 6.2403
0 7 20 13 18 9 11 12 25 21 2 6 8 31 19 15 5 17 27 24 26 4 30 10 3 16 28 29 22 23 1 14 6.2403
0 7 20 13 18 9 11 12 25 21 2 6 8 31 19 15 5 17 27 24 26 4 30 10 3 16 28 29 22 23 1 14 6.2403
0 7 20 13 18 9 11 12 25 21 2 6 8 31 19 15 5 17 27 24 26 4 30 10 3 16 28 29 22 23 1 14 6.2403
0 7 20 13 18 9 11 12 25 21 2 6 8 31 19 15 5 17 27 24 26 4 30 10 3 16 28 29 22 23 1 14 6.2403
0 7 20 13 18 9 11 12 25 21 2 6 8 31 19 15 5 17 27 24 26 4 30 10 3 16 28 29 22 23 1 14 6.2403
0 7 20 13 18 9 11 12 25 21 2 6 8 31 19 15 5 17 27 24 26 4 30 10 3 16 28 29 22 23 1 14 6.2403
0 7 20 13 18 9 11 12 25 21 2 6 8 31 19 15 5 17 27 24 26 4 30 10 3 16 28 29 22 23 1 14 6.2403
0 7 20 13 18 9 11 12 25 21 2 6 8 31 19 15 5 17 27 24 26 4 30 10 3 16 28 29 22 23 1 14 6.2403
0 7 20 13 18 9 11 12 25 21 2 6 8 31 19 15 5 17 27 24 26 4 30 10 3 16 28 29 22 23 1 14 6.2403
0 7 20 13 18 9 11 12 25 21 2 6 8 31 19 15 5 17 27 24 26 4 30 10 3 16 28 29 22 23 1 14 6.2403
0 7 20 13 18 9 11 12 25 21 2 6 8 31 19 15 5 17 27 24 26 4 30 10 3 16 28 29 22 23 1 14 6.2403
0 7 20 13 18 9 11 12 25 21 2 6 8 31 19 15 5 17 27 24 26 4 30 10 3 16 28 29 22 23 1 14 6.2403
0 7 20 13 18 9 11 12 25 21 2 6 8 31 19 15 5 17 27 24 26 4 30 10 3 16 28 29 22 23 1 14 6.2403
0 7 20 13 18 9 11 12 25 21 2 6 8 31 19 15 5 17 27 24 26 4 30 10 3 16 28 29 22 23 1 14 6.2403
0 7 20 13 18 9 11 12 25 21 2 6 8 31 19 15 5 17 27 24 26 4 30 10 3 16 28 29 22 23 1 14 6.2403
0 7 20 13 18 9 11 12 25 21 2 6 8 31 19 15 5 17 27 24 26 4 30 10 3 16 28 29 22 23 1 14 6.2403
0 7 20 13 18 9 11 12 25 21 2 6 8 31 19 15 5 17 27 24 26 4 30 10 3 16 28 29 22 23 1 14 6.2403
0 7 20 13 18 9 11 12 25 21 2 6 8 31 19 15 5 17 27 24 26 4 30 10 3 16 28 29 22 23 1 14 6.2403
0 7 20 13 18 9 11 12 25 21 2 6 8 31 19 15 5 17 27 24 26 4 30 10 3 16 28 29 22 23 1 14 6.2403
0 7 20 13 18 9 11 12 25 21 2 6 8 31 19 15 5 17 27 24 26 4 30 10 3 16 28 29 22 23 1 14 6.2403
0 7 20 13 18 9 11 12 25 21 2 6 8 31 19 15 5 17 27 24 26 4 30 10 3 16 28 29 22 23 1 14 6.2403
0 7 20 13 18 9 11 12 25 21 2 6 8 31 19 15 5 17 27 24 26 4 30 10 3 16 28 29 22 23 1 14 6.2403
0 7 20 13 18 9 11 12 25 21 2 6 8 31 19 15 5 17 27 24 26 4 30 10 3 16 28 29 22 23 1 14 6.2403
0 7 20 13 18 9 11 12 25 21 2 6 8 31 19 15 5 17 27 24 26 4 30 10 3 16 28 29 22 23 1 14 6.2403
0 7 20 13 18 9 11 12 25 21 2 6 8 31 19 15 5 17 27 24 26 4 30 10 3 16 28 29 22 23 1 14 6.2403
0 7 20 13 18 9 11 12 25 21 2 6 8 31 19 15 5 17 27 24 26 4 30 10 3 16 28 29 22 23 1 14 6.2403
0 7 20 13 18 9 11 12 25 21 2 6 8 31 19 15 5 17 27 24 26 4 30 10 3 16 28 29 22 23 1 14 6.2403
0 7 20 13 18 9 11 12 25 21 2 6 8 31 19 15 5 17 27 24 26 4 30 10 3 16 28 29 22 23 1 14 6.2403
0 7 20 13 18 9 11 12 25 21 2 6 8 31 19 15 5 17 27 24 26 4 30 10 3 16 28 29 22 23 1 14 6.2403
0 7 20 13 18 9 11 12 25 21 2 6 8 31 19 15 5 17 27 24 26 4 30 10 3 16 28 29 22 23 1 14 6.2403
0 7 20 13 18 9 11 12 25 21 2 6 8 31 19 15 5 17 27 24 26 4 30 10 3 16 28 29 22 23 1 14 6.2403
0 7 20 13 18 9 11 12 25 21 2 6 8 31 19 15 5 17 27 24 26 4 30 10 3 16 28 29 22 23 1 14 6.2403
0 7 20 13 18 9 11 12 25 21 2 6 8 31 19 15 5 17 27 24 26 4 30 10 3 16 28 29 22 23 1 14 6.2403
0 7 20 13 18 9 11 12 25 21 2 6 8 31 19 15 5 17 27 24 26 4 30 10 3 16 28 29 22 23 1 14 6.2403
0 7 20 13 18 9 11 12 25 21 2 6 8 31 19 15 5 17 27 24 26 4 30 10 3 16 28 29 22 23 1 14 6.2403
0 7 20 13 18 9 11 12 25 21 2 6 8 31 19 15 5 17 27 24 26 4 30 10 3 16 28 29 22 23 1 14 6.2403
0 7 20 13 18 9 11 12 25 21 2 6 8 31 19 15 5 17 27 24 26 4 30 10 3 16 28 29 22 23 1 14 6.2403
0 7 20 13 18 9 11 12 25 21 2 6 8 31 19 15 5 17 27 24 26 4 30 10 3 16 28 29 22 23 1 14 6.2403
0 7 20 13 18 9 11 12 25 21 2 6 8 31 19 15 5 17 27 24 26 4 30 10 3 16 28 29 22 23 1 14 6.2403
0 7 20 13 18 9 11 12 25 21 2 6 8 31 19 15 5 17 27 24 26 4 30 10 3 16 28 29 22 23 1 14 6.2403
0 7 20 13 18 9 11 12 25 21 2 6 8 31 19 15 5 17 27 24 26 4 30 10 3 16 28 29 22 23 1 14 6.2403
0 7 20 13 18 9 11 12 25 21 2 6 8 31 19 15 5 17 27 24 26 4 30 10 3 16 28 29 22 23 1 14 6.2403
0 7 20 13 18 9 11 12 25 21 2 6 8 31 19 15 5 17 27 24 26 4 30 10 3 16 28 29 22 23 1 14 6.2403
0 7 20 13 18 9 11 12 25 21 2 6 8 31 19 15 5 17 27 24 26 4 30 10 3 16 28 29 22 23 1 14 6.2403
0 7 20 13 18 9 11 12 25 21 2 6 8 31 19 15 5 17 27 24 26 4 30 10 3 16 28 29 22 23 1 14 6.2403
0 7 20 13 18 9 11 12 25 21 2 6 8 31 19 15 5 17 27 24 26 4 30 10 3 16 28 29 22 23 1 14 6.2403
0 7 20 13 18 9 11 12 25 21 2 6 8 31 19 15 5 17 27 24 26 4 30 10 3 16 28 29 22 23 1 14 6.2403
0 7 20 13 18 9 11 12 25 21 2 6 8 31 19 15 5 17 27 24 26 4 30 10 3 16 28 29 22 23 1 14 6.2403
0 7 20 13 18 9 11 12 25 21 2 6 8 31 19 15 5 17 27 24 26 4 30 10 3 16 28 29 22 23 1 14 6.2403
0 7 20 13 18 9 11 12 25 21 2 6 8 31 19 15 5 17 27 24 26 4 30 10 3 16 28 29 22 23 1 14 6.2403
0 7 20 13 18 9 11 12 25 21 2 6 8 31 19 15 5 17 27 24 26 4 30 10 3 16 28 29 22 23 1 14 6.2403
0 7 20 13 18 9 11 12 25 21 2 6 8 31 19 15 5 17 27 24 26 4 30 10 3 16 28 29 22 23 1 14 6.2403
0 7 20 13 18 9 11 12 25 21 2 6 8 31 19 15 5 17 27 24 26 4 30 10 3 16 28 29 22 23 1 14 6.2403
0 7 20 13 18 9 11 12 25 21 2 6 8 31 19 15 5 17 27 24 26 4 30 10 3 16 28 29 22 23 1 14 6.2403
0 7 20 13 18 9 11 12 25 21 2 6 8 31 19 15 5 17 27 24 26 4 30 10 3 16 28 29 22 23 1 14 6.2403
0 7 20 13 18 9 11 12 25 21 2 6 8 31 19 15 5 17 27 24 26 4 30 10 3 16 28 29 22 23 1 14 6.2403
0 7 20 13 18 9 11 12 25 21 2 6 8 31 19 15 5 17 27 24 26 4 30 10 3 16 28 29 22 23 1 14 6.2403
0 7 20 13 18 9 11 12 25 21 2 6 8 31 19 15 5 17 27 24 26 4 30 10 3 16 28 29 22 23 1 14 6.2403
0 7 20 13 18 9 11 12 25 21 2 6 8 31 19 15 5 17 27 24 26 4 30 10 3 16 28 29 22 23 1 14 6.2403
0 7 20 13 18 9 11 12 25 21 2 6 8 31 19 15 5 17 27 24 26 4 30 10 3 16 28 29 22 23 1 14 6.2403
0 7 20 13 18 9 11 12 25 21 2 6 8 31 19 15 5 17 27 24 26 4 30 10 3 16 28 29 22 23 1 14 6.2403
0 7 20 13 18 9 11 12 25 21 2 6 8 31 19 15 5 17 27 24 26 4 30 10 3 16 28 29 22 23 1 14 6.2403
0 7 20 13 18 9 11 12 25 21 2 6 8 31 19 15 5 17 27 24 26 4 30 10 3 16 28 29 22 23 1 14 6.2403
0 7 20 13 18 9 11 12 25 21 2 6 8 31 19 15 5 17 27 24 26 4 30 10 3 16 28 29 22 23 1 14 6.2403
0 7 20 13 18 9 11 12 25 21 2 6 8 31 19 15 5 17 27 24 26 4 30 10 3 16 28 29 22 23 1 14 6.2403
0 7 20 13 18 9 11 12 25 21 2 6 8 31 19 15 5 17 27 24 26 4 30 10 3 16 28 29 22 23 1 14 6.2403
0 7 20 13 18 9 11 12 25 21 2 6 8 31 19 15 5 17 27 24 26 4 30 10 3 16 28 29 22 23 1 14 6.2403
0 7 20 13 18 9 11 12 25 21 2 6 8 31 19 15 5 17 27 24 26 4 30 10 3 16 28 29 22 23 1 14 6.2403
0 7 20 13 18 9 11 12 25 21 2 6 8 31 19 15 5 17 27 24 26 4 30 10 3 16 28 29 22 23 1 14 6.2403
0 7 20 13 18 9 11 12 25 21 2 6 8 31 19 15 5 17 27 24 26 4 30 10 3 16 28 29 22 23 1 14 6.2403
0 7 20 13 18 9 11 12 25 21 2 6 8 31 19 15 5 17 27 24 26 4 30 10 3 16 28 29 22 23 1 14 6.2403
0 7 20 13 18 9 11 12 25 21 2 6 8 31 19 15 5 17 27 24 26 4 30 10 3 16 28 29 22 23 1 14 6.2403
0 7 20 13 18 9 11 12 25 21 2 6 8 31 19 15 5 17 27 24 26 4 30 10 3 16 28 29 22 23 1 14 6.2403
0 7 20 13 18 9 11 12 25 21 2 6 8 31 19 15 5 17 27 24 26 4 30 10 3 16 28 29 22 23 1 14 6.2403
0 7 20 13 18 9 11 12 25 21 2 6 8 31 19 15 5 17 27 24 26 4 30 10 3 16 28 29 22 23 1 14 6.2403
0 7 20 13 18 9 11 12 25 21 2 6 8 31 19 15 5 17 27 24 26 4 30 10 3 16 28 29 22 23 1 14 6.2403
0 7 20 13 18 9 11 12 25 21 2 6 8 31 19 15 5 17 27 24 26 4 30 10 3 16 28 29 22 23 1 14 6.2403
0 7 20 13 18 9 11 12 25 21 2 6 8 31 19 15 5 17 27 24 26 4 30 10 3 16 28 29 22 23 1 14 6.2403
0 7 20 13 18 9 11 12 25 21 2 6 8 31 19 15 5 17 27 24 26 4 30 10 3 16 28 29 22 23 1 14 6.2403
0 7 20 13 18 9 11 12 25 21 2 6 8 31 19 15 5 17 27 24 26 4 30 10 3 16 28 29 22 23 1 14 6.2403
0 7 20 13 18 9 11 12 25 21 2 6 8 31 19 15 5 17 27 24 26 4 30 10 3 16 28 29 22 23 1 14 6.2403
0 7 20 13 18 9 11 12 25 21 2 6 8 31 19 15 5 17 27 24 26 4 30 10 3 16 28 29 22 23 1 14 6.2403
0 7 20 13 18 9 11 12 25 21 2 6 8 31 19 15 5 17 27 24 26 4 30 10 3 16 28 29 22 23 1 14 6.2403
0 7 20 13 18 9 11 12 25 21 2 6 8 31 19 15 5 17 27 24 26 4 30 10 3 16 28 29 22 23 1 14 6.2403
0 7 20 13 18 9 11 12 25 21 2 6 8 31 19 15 5 17 27 24 26 4 30 10 3 16 28 29 22 23 1 14 6.2403
0 7 20 13 18 9 11 12 25 21 2 6 8 31 19 15 5 17 27 24 26 4 30 10 3 16 28 29 22 23 1 14 6.2403
0 7 20 13 18 9 11 12 25 21 2 6 8 31 19 15 5 17 27 24 26 4 30 10 3 16 28 29 22 23 1 14 6.2403
0 7 20 13 18 9 11 12 25 21 2 6 8 31 19 15 5 17 27 24 26 4 30 10 3 16 28 29 22 23 1 14 6.2403
0 7 20 13 18 9 11 12 25 21 2 6 8 31 19 15 5 17 27 24 26 4 30 10 3 16 28 29 22 23 1 14 6.2403
0 7 20 13 18 9 11 12 25 21 2 6 8 31 19 15 5 17 27 24 26 4 30 10 3 16 28 29 22 23 1 14 6.2403
0 7 20 13 18 9 11 12 25 21 2 6 8 31 19 15 5 17 27 24 26 4 30 10 3 16 28 29 22 23 1 14 6.2403
0 7 20 13 18 9 11 12 25 21 2 6 8 31 19 15 5 17 27 24 26 4 30 10 3 16 28 29 22 23 1 14 6.2403
0 7 20 13 18 9 11 12 25 21 2 6 8 31 19 15 5 17 27 24 26 4 30 10 3 16 28 29 22 23 1 14 6.2403
0 7 20 13 18 9 11 12 25 21 2 6 8 31 19 15 5 17 27 24 26 4 30 10 3 16 28 29 22 23 1 14 6.2403
0 7 20 13 18 9 11 12 25 21 2 6 8 31 19 15 5 17 27 24 26 4 30 10 3 16 28 29 22 23 1 14 6.2403
0 7 20 13 18 9 11 12 25 21 2 6 8 31 19 15 5 17 27 24 26 4 30 10 3 16 28 29 22 23 1 14 6.2403
0 7 20 13 18 9 11 12 25 21 2 6 8 31 19 15 5 17 27 24 26 4 30 10 3 16 28 29 22 23 1 14 6.2403
0 7 20 13 18 9 11 12 25 21 2 6 8 31 19 15 5 17 27 24 26 4 30 10 3 16 28 29 22 23 1 14 6.2403
0 7 20 13 18 9 11 12 25 21 2 6 8 31 19 15 5 17 27 24 26 4 30 10 3 16 28 29 22 23 1 14 6.2403
0 7 20 13 18 9 11 12 25 21 2 6 8 31 19 15 5 17 27 24 26 4 30 10 3 16 28 29 22 23 1 14 6.2403
0 7 20 13 18 9 11 12 25 21 2 6 8 31 19 15 5 17 27 24 26 4 30 10 3 16 28 29 22 23 1 14 6.2403
0 7 20 13 18 9 11 12 25 21 2 6 8 31 19 15 5 17 27 24 26 4 30 10 3 16 28 29 22 23 1 14 6.2403
0 7 20 13 18 9 11 12 25 21 2 6 8 31 19 15 5 17 27 24 26 4 30 10 3 16 28 29 22 23 1 14 6.2403
0 7 20 13 18 9 11 12 25 21 2 6 8 31 19 15 5 17 27 24 26 4 30 10 3 16 28 29 22 23 1 14 6.2403
0 7 20 13 18 9 11 12 25 21 2 6 8 31 19 15 5 17 27 24 26 4 30 10 3 16 28 29 22 23 1 14 6.2403
0 7 20 13 18 9 11 12 25 21 2 6 8 31 19 15 5 17 27 24 26 4 30 10 3 16 28 29 22 23 1 14 6.2403
0 7 20 13 18 9 11 12 25 21 2 6 8 31 19 15 5 17 27 24 26 4 30 10 3 16 28 29 22 23 1 14 6.2403
0 7 20 13 18 9 11 12 25 21 2 6 8 31 19 15 5 17 27 24 26 4 30 10 3 16 28 29 22 23 1 14 6.2403
0 7 20 13 18 9 11 12 25 21 2 6 8 31 19 15 5 17 27 24 26 4 30 10 3 16 28 29 22 23 1 14 6.2403
0 7 20 13 18 9 11 12 25 21 2 6 8 31 19 15 5 17 27 24 26 4 30 10 3 16 28 29 22 23 1 14 6.2403
0 7 20 13 18 9 11 12 25 21 2 6 8 31 19 15 5 17 27 24 26 4 30 10 3 16 28 29 22 23 1 14 6.2403
0 7 20 13 18 9 11 12 25 21 2 6 8 31 19 15 5 17 27 24 26 4 30 10 3 16 28 29 22 23 1 14 6.2403
0 7 20 13 18 9 11 12 25 21 2 6 8 31 19 15 5 17 27 24 26 4 30 10 3 16 28 29 22 23 1 14 6.2403
0 7 20 13 18 9 11 12 25 21 2 6 8 31 19 15 5 17 27 24 26 4 30 10 3 16 28 29 22 23 1 14 6.2403
0 7 20 13 18 9 11 12 25 21 2 6 8 31 19 15 5 17 27 24 26 4 30 10 3 16 28 29 22 23 1 14 6.2403
0 7 20 13 18 9 11 12 25 21 2 6 8 31 19 15 5 17 27 24 26 4 30 10 3 16 28 29 22 23 1 14 6.2403
0 7 20 13 18 9 11 12 25 21 2 6 8 31 19 15 5 17 27 24 26 4 30 10 3 16 28 29 22 23 1 14 6.2403
0 7 20 13 18 9 11 12 25 21 2 6 8 31 19 15 5 17 27 24 26 4 30 10 3 16 28 29 22 23 1 14 6.2403
0 7 20 13 18 9 11 12 25 21 2 6 8 31 19 15 5 17 27 24 26 4 30 10 3 16 28 29 22 23 1 14 6.2403
0 7 20 13 18 9 11 12 25 21 2 6 8 31 19 15 5 17 27 24 26 4 30 10 3 16 28 29 22 23 1 14 6.2403
0 7 20 13 18 9 11 12 25 21 2 6 8 31 19 15 5 17 27 24 26 4 30 10 3 16 28 29 22 23 1 14 6.2403
0 7 20 13 18 9 11 12 25 21 2 6 8 31 19 15 5 17 27 24 26 4 30 10 3 16 28 29 22 23 1 14 6.2403
0 7 20 13 18 9 11 12 25 21 2 6 8 31 19 15 5 17 27 24 26 4 30 10 3 16 28 29 22 23 1 14 6.2403
0 7 20 13 18 9 11 12 25 21 2 6 8 31 19 15 5 17 27 24 26 4 30 10 3 16 28 29 22 23 1 14 6.2403
0 7 20 13 18 9 11 12 25 21 2 6 8 31 19 15 5 17 27 24 26 4 30 10 3 16 28 29 22 23 1 14 6.2403
0 7 20 13 18 9 11 12 25 21 2 6 8 31 19 15 5 17 27 24 26 4 30 10 3 16 28 29 22 23 1 14 6.2403
0 7 20 13 18 9 11 12 25 21 2 6 8 31 19 15 5 17 27 24 26 4 30 10 3 16 28 29 22 23 1 14 6.2403
0 7 20 13 18 9 11 12 25 21 2 6 8 31 19 15 5 17 27 24 26 4 30 10 3 16 28 29 22 23 1 14 6.2403
0 7 20 13 18 9 11 12 25 21 2 6 8 31 19 15 5 17 27 24 26 4 30 10 3 16 28 29 22 23 1 14 6.2403
0 7 20 13 18 9 11 12 25 21 2 6 8 31 19 15 5 17 27 24 26 4 30 10 3 16 28 29 22 23 1 14 6.2403
0 7 20 13 18 9 11 12 25 21 2 6 8 31 19 15 5 17 27 24 26 4 30 10 3 16 28 29 22 23 1 14 6.2403
0 7 20 13 18 9 11 12 25 21 2 6 8 31 19 15 5 17 27 24 26 4 30 10 3 16 28 29 22 23 1 14 6.2403
0 7 20 13 18 9 11 12 25 21 2 6 8 31 19 15 5 17 27 24 26 4 30 10 3 16 28 29 22 23 1 14 6.2403
0 7 20 13 18 9 11 12 25 21 2 6 8 31 19 15 5 17 27 24 26 4 30 10 3 16 28 29 22 23 1 14 6.2403
0 7 20 13 18 9 11 12 25 21 2 6 8 31 19 15 5 17 27 24 26 4 30 10 3 16 28 29 22 23 1 14 6.2403
0 7 20 13 18 9 11 12 25 21 2 6 8 31 19 15 5 17 27 24 26 4 30 10 3 16 28 29 22 23 1 14 6.2403
0 7 20 13 18 9 11 12 25 21 2 6 8 31 19 15 5 17 27 24 26 4 30 10 3 16 28 29 22 23 1 14 6.2403
0 7 20 13 18 9 11 12 25 21 2 6 8 31 19 15 5 17 27 24 26 4 30 10 3 16 28 29 22 23 1 14 6.2403
0 7 20 13 18 9 11 12 25 21 2 6 8 31 19 15 5 17 27 24 26 4 30 10 3 16 28 29 22 23 1 14 6.2403
0 7 20 13 18 9 11 12 25 21 2 6 8 31 19 15 5 17 27 24 26 4 30 10 3 16 28 29 22 23 1 14 6.2403
0 7 20 13 18 9 11 12 25 21 2 6 8 31 19 15 5 17 27 24 26 4 30 10 3 16 28 29 22 23 1 14 6.2403
0 7 20 13 18 9 11 12 25 21 2 6 8 31 19 15 5 17 27 24 26 4 30 10 3 16 28 29 22 23 1 14 6.2403
0 7 20 13 18 9 11 12 25 21 2 6 8 31 19 15 5 17 27 24 26 4 30 10 3 16 28 29 22 23 1 14 6.2403
0 7 20 13 18 9 11 12 25 21 2 6 8 31 19 15 5 17 27 24 26 4 30 10 3 16 28 29 22 23 1 14 6.2403
0 7 20 13 18 9 11 12 25 21 2 6 8 31 19 15 5 17 27 24 26 4 30 10 3 16 28 29 22 23 1 14 6.2403
0 7 20 13 18 9 11 12 25 21 2 6 8 31 19 15 5 17 27 24 26 4 30 10 3 16 28 29 22 23 1 14 6.2403
0 7 20 13 18 9 11 12 25 21 2 6 8 31 19 15 5 17 27 24 26 4 30 10 3 16 28 29 22 23 1 14 6.2403
0 7 20 13 18 9 11 12 25 21 2 6 8 31 19 15 5 17 27 24 26 4 30 10 3 16 28 29 22 23 1 14 6.2403
0 7 20 13 18 9 11 12 25 21 2 6 8 31 19 15 5 17 27 24 26 4 30 10 3 16 28 29 22 23 1 14 6.2403
0 7 20 13 18 9 11 12 25 21 2 6 8 31 19 15 5 17 27 24 26 4 30 10 3 16 28 29 22 23 1 14 6.2403
0 7 20 13 18 9 11 12 25 21 2 6 8 31 19 15 5 17 27 24 26 4 30 10 3 16 28 29 22 23 1 14 6.2403
0 7 20 13 18 9 11 12 25 21 2 6 8 31 19 15 5 17 27 24 26 4 30 10 3 16 28 29 22 23 1 14 6.2403
0 7 20 13 18 9 11 12 25 21 2 6 8 31 19 15 5 17 27 24 26 4 30 10 3 16 28 29 22 23 1 14 6.2403
0 7 20 13 18 9 11 12 25 21 2 6 8 31 19 15 5 17 27 24 26 4 30 10 3 16 28 29 22 23 1 14 6.2403
0 7 20 13 18 9 11 12 25 21 2 6 8 31 19 15 5 17 27 24 26 4 30 10 3 16 28 29 22 23 1 14 6.2403
0 7 20 13 18 9 11 12 25 21 2 6 8 31 19 15 5 17 27 24 26 4 30 10 3 16 28 29 22 23 1 14 6.2403
0 7 20 13 18 9 11 12 25 21 2 6 8 31 19 15 5 17 27 24 26 4 30 10 3 16 28 29 22 23 1 14 6.2403
0 7 20 13 18 9 11 12 25 21 2 6 8 31 19 15 5 17 27 24 26 4 30 10 3 16 28 29 22 23 1 14 6.2403
0 7 20 13 18 9 11 12 25 21 2 6 8 31 19 15 5 17 27 24 26 4 30 10 3 16 28 29 22 23 1 14 6.2403
0 7 20 13 18 9 11 12 25 21 2 6 8 31 19 15 5 17 27 24 26 4 30 10 3 16 28 29 22 23 1 14 6.2403
0 7 20 13 18 9 11 12 25 21 2 6 8 31 19 15 5 17 27 24 26 4 30 10 3 16 28 29 22 23 1 14 6.2403
0 7 20 13 18 9 11 12 25 21 2 6 8 31 19 15 5 17 27 24 26 4 30 10 3 16 28 29 22 23 1 14 6.2403
0 7 20 13 18 9 11 12 25 21 2 6 8 31 19 15 5 17 27 24 26 4 30 10 3 16 28 29 22 23 1 14 6.2403
0 7 20 13 18 9 11 12 25 21 2 6 8 31 19 15 5 17 27 24 26 4 30 10 3 16 28 29 22 23 1 14 6.2403
0 7 20 13 18 9 11 12 25 21 2 6 8 31 19 15 5 17 27 24 26 4 30 10 3 16 28 29 22 23 1 14 6.2403
0 7 20 13 18 9 11 12 25 21 2 6 8 31 19 15 5 17 27 24 26 4 30 10 3 16 28 29 22 23 1 14 6.2403
0 7 20 13 18 9 11 12 25 21 2 6 8 31 19 15 5 17 27 24 26 4 30 10 3 16 28 29 22 23 1 14 6.2403
0 7 20 13 18 9 11 12 25 21 2 6 8 31 19 15 5 17 27 24 26 4 30 10 3 16 28 29 22 23 1 14 6.2403
0 7 20 13 18 9 11 12 25 21 2 6 8 31 19 15 5 17 27 24 26 4 30 10 3 16 28 29 22 23 1 14 6.2403
0 7 20 13 18 9 11 12 25 21 2 6 8 31 19 15 5 17 27 24 26 4 30 10 3 16 28 29 22 23 1 14 6.2403
0 7 20 13 18 9 11 12 25 21 2 6 8 31 19 15 5 17 27 24 26 4 30 10 3 16 28 29 22 23 1 14 6.2403
0 7 20 13 18 9 11 12 25 21 2 6 8 31 19 15 5 17 27 24 26 4 30 10 3 16 28 29 22 23 1 14 6.2403
0 7 20 13 18 9 11 12 25 21 2 6 8 31 19 15 5 17 27 24 26 4 30 10 3 16 28 29 22 23 1 14 6.2403
0 7 20 13 18 9 11 12 25 21 2 6 8 31 19 15 5 17 27 24 26 4 30 10 3 16 28 29 22 23 1 14 6.2403
0 7 20 13 18 9 11 12 25 21 2 6 8 31 19 15 5 17 27 24 26 4 30 10 3 16 28 29 22 23 1 14 6.2403
0 7 20 13 18 9 11 12 25 21 2 6 8 31 19 15 5 17 27 24 26 4 30 10 3 16 28 29 22 23 1 14 6.2403
0 7 20 13 18 9 11 12 25 21 2 6 8 31 19 15 5 17 27 24 26 4 30 10 3 16 28 29 22 23 1 14 6.2403
0 7 20 13 18 9 11 12 25 21 2 6 8 31 19 15 5 17 27 24 26 4 30 10 3 16 28 29 22 23 1 14 6.2403
0 7 20 13 18 9 11 12 25 21 2 6 8 31 19 15 5 17 27 24 26 4 30 10 3 16 28 29 22 23 1 14 6.2403
0 7 20 13 18 9 11 12 25 21 2 6 8 31 19 15 5 17 27 24 26 4 30 10 3 16 28 29 22 23 1 14 6.2403
0 7 20 13 18 9 11 12 25 21 2 6 8 31 19 15 5 17 27 24 26 4 30 10 3 16 28 29 22 23 1 14 6.2403
0 7 20 13 18 9 11 12 25 21 2 6 8 31 19 15 5 17 27 24 26 4 30 10 3 16 28 29 22 23 1 14 6.2403
0 7 20 13 18 9 11 12 25 21 2 6 8 31 19 15 5 17 27 24 26 4 30 10 3 16 28 29 22 23 1 14 6.2403
0 7 20 13 18 9 11 12 25 21 2 6 8 31 19 15 5 17 27 24 26 4 30 10 3 16 28 29 22 23 1 14 6.2403
0 7 20 13 18 9 11 12 25 21 2 6 8 31 19 15 5 17 27 24 26 4 30 10 3 16 28 29 22 23 1 14 6.2403
0 7 20 13 18 9 11 12 25 21 2 6 8 31 19 15 5 17 27 24 26 4 30 10 3 16 28 29 22 23 1 14 6.2403
0 7 20 13 18 9 11 12 25 21 2 6 8 31 19 15 5 17 27 24 26 4 30 10 3 16 28 29 22 23 1 14 6.2403
0 7 20 13 18 9 11 12 25 21 2 6 8 31 19 15 5 17 27 24 26 4 30 10 3 16 28 29 22 23 1 14 6.2403
0 7 20 13 18 9 11 12 25 21 2 6 8 31 19 15 5 17 27 24 26 4 30 10 3 16 28 29 22 23 1 14 6.2403
0 7 20 13 18 9 11 12 25 21 2 6 8 31 19 15 5 17 27 24 26 4 30 10 3 16 28 29 22 23 1 14 6.2403
0 7 20 13 18 9 11 12 25 21 2 6 8 31 19 15 5 17 27 24 26 4 30 10 3 16 28 29 22 23 1 14 6.2403
0 7 20 13 18 9 11 12 25 21 2 6 8 31 19 15 5 17 27 24 26 4 30 10 3 16 28 29 22 23 1 14 6.2403
0 7 20 13 18 9 11 12 25 21 2 6 8 31 19 15 5 17 27 24 26 4 30 10 3 16 28 29 22 23 1 14 6.2403
0 7 20 13 18 9 11 12 25 21 2 6 8 31 19 15 5 17 27 24 26 4 30 10 3 16 28 29 22 23 1 14 6.2403
0 7 20 13 18 9 11 12 25 21 2 6 8 31 19 15 5 17 27 24 26 4 30 10 3 16 28 29 22 23 1 14 6.2403
0 7 20 13 18 9 11 12 25 21 2 6 8 31 19 15 5 17 27 24 26 4 30 10 3 16 28 29 22 23 1 14 6.2403
0 7 20 13 18 9 11 12 25 21 2 6 8 31 19 15 5 17 27 24 26 4 30 10 3 16 28 29 22 23 1 14 6.2403
0 7 20 13 18 9 11 12 25 21 2 6 8 31 19 15 5 17 27 24 26 4 30 10 3 16 28 29 22 23 1 14 6.2403
0 7 20 13 18 9 11 12 25 21 2 6 8 31 19 15 5 17 27 24 26 4 30 10 3 16 28 29 22 23 1 14 6.2403
0 7 20 13 18 9 11 12 25 21 2 6 8 31 19 15 5 17 27 24 26 4 30 10 3 16 28 29 22 23 1 14 6.2403
0 7 20 13 18 9 11 12 25 21 2 6 8 31 19 15 5 17 27 24 26 4 30 10 3 16 28 29 22 23 1 14 6.2403
0 7 20 13 18 9 11 12 25 21 2 6 8 31 19 15 5 17 27 24 26 4 30 10 3 16 28 29 22 23 1 14 6.2403
0 7 20 13 18 9 11 12 25 21 2 6 8 31 19 15 5 17 27 24 26 4 30 10 3 16 28 29 22 23 1 14 6.2403
0 7 20 13 18 9 11 12 25 21 2 6 8 31 19 15 5 17 27 24 26 4 30 10 3 16 28 29 22 23 1 14 6.2403
0 7 20 13 18 9 11 12 25 21 2 6 8 31 19 15 5 17 27 24 26 4 30 10 3 16 28 29 22 23 1 14 6.2403
0 7 20 13 18 9 11 12 25 21 2 6 8 31 19 15 5 17 27 24 26 4 30 10 3 16 28 29 22 23 1 14 6.2403
0 7 20 13 18 9 11 12 25 21 2 6 8 31 19 15 5 17 27 24 26 4 30 10 3 16 28 29 22 23 1 14 6.2403
0 7 20 13 18 9 11 12 25 21 2 6 8 31 19 15 5 17 27 24 26 4 30 10 3 16 28 29 22 23 1 14 6.2403
0 7 20 13 18 9 11 12 25 21 2 6 8 31 19 15 5 17 27 24 26 4 30 10 3 16 28 29 22 23 1 14 6.2403
0 7 20 13 18 9 11 12 25 21 2 6 8 31 19 15 5 17 27 24 26 4 30 10 3 16 28 29 22 23 1 14 6.2403
0 7 20 13 18 9 11 12 25 21 2 6 8 31 19 15 5 17 27 24 26 4 30 10 3 16 28 29 22 23 1 14 6.2403
0 7 20 13 18 9 11 12 25 21 2 6 8 31 19 15 5 17 27 24 26 4 30 10 3 16 28 29 22 23 1 14 6.2403
0 7 20 13 18 9 11 12 25 21 2 6 8 31 19 15 5 17 27 24 26 4 30 10 3 16 28 29 22 23 1 14 6.2403
0 7 20 13 18 9 11 12 25 21 2 6 8 31 19 15 5 17 27 24 26 4 30 10 3 16 28 29 22 23 1 14 6.2403
0 7 20 13 18 9 11 12 25 21 2 6 8 31 19 15 5 17 27 24 26 4 30 10 3 16 28 29 22 23 1 14 6.2403
0 7 20 13 18 9 11 12 25 21 2 6 8 31 19 15 5 17 27 24 26 4 30 10 3 16 28 29 22 23 1 14 6.2403
0 7 20 13 18 9 11 12 25 21 2 6 8 31 19 15 5 17 27 24 26 4 30 10 3 16 28 29 22 23 1 14 6.2403
0 7 20 13 18 9 11 12 25 21 2 6 8 31 19 15 5 17 27 24 26 4 30 10 3 16 28 29 22 23 1 14 6.2403
0 7 20 13 18 9 11 12 25 21 2 6 8 31 19 15 5 17 27 24 26 4 30 10 3 16 28 29 22 23 1 14 6.2403
0 7 20 13 18 9 11 12 25 21 2 6 8 31 19 15 5 17 27 24 26 4 30 10 3 16 28 29 22 23 1 14 6.2403
0 7 20 13 18 9 11 12 25 21 2 6 8 31 19 15 5 17 27 24 26 4 30 10 3 16 28 29 22 23 1 14 6.2403
0 7 20 13 18 9 11 12 25 21 2 6 8 31 19 15 5 17 27 24 26 4 30 10 3 16 28 29 22 23 1 14 6.2403
0 7 20 13 18 9 11 12 25 21 2 6 8 31 19 15 5 17 27 24 26 4 30 10 3 16 28 29 22 23 1 14 6.2403
0 7 20 13 18 9 11 12 25 21 2 6 8 31 19 15 5 17 27 24 26 4 30 10 3 16 28 29 22 23 1 14 6.2403
0 7 20 13 18 9 11 12 25 21 2 6 8 31 19 15 5 17 27 24 26 4 30 10 3 16 28 29 22 23 1 14 6.2403
0 7 20 13 18 9 11 12 25 21 2 6 8 31 19 15 5 17 27 24 26 4 30 10 3 16 28 29 22 23 1 14 6.2403
0 7 20 13 18 9 11 12 25 21 2 6 8 31 19 15 5 17 27 24 26 4 30 10 3 16 28 29 22 23 1 14 6.2403
0 7 20 13 18 9 11 12 25 21 2 6 8 31 19 15 5 17 27 24 26 4 30 10 3 16 28 29 22 23 1 14 6.2403
0 7 20 13 18 9 11 12 25 21 2 6 8 31 19 15 5 17 27 24 26 4 30 10 3 16 28 29 22 23 1 14 6.2403
0 7 20 13 18 9 11 12 25 21 2 6 8 31 19 15 5 17 27 24 26 4 30 10 3 16 28 29 22 23 1 14 6.2403
0 7 20 13 18 9 11 12 25 21 2 6 8 31 19 15 5 17 27 24 26 4 30 10 3 16 28 29 22 23 1 14 6.2403
0 7 20 13 18 9 11 12 25 21 2 6 8 31 19 15 5 17 27 24 26 4 30 10 3 16 28 29 22 23 1 14 6.2403
0 7 20 13 18 9 11 12 25 21 2 6 8 31 19 15 5 17 27 24 26 4 30 10 3 16 28 29 22 23 1 14 6.2403
0 7 20 13 18 9 11 12 25 21 2 6 8 31 19 15 5 17 27 24 26 4 30 10 3 16 28 29 22 23 1 14 6.2403
0 7 20 13 18 9 11 12 25 21 2 6 8 31 19 15 5 17 27 24 26 4 30 10 3 16 28 29 22 23 1 14 6.2403
0 7 20 13 18 9 11 12 25 21 2 6 8 31 19 15 5 17 27 24 26 4 30 10 3 16 28 29 22 23 1 14 6.2403
0 7 20 13 18 9 11 12 25 21 2 6 8 31 19 15 5 17 27 24 26 4 30 10 3 16 28 29 22 23 1 14 6.2403
0 7 20 13 18 9 11 12 25 21 2 6 8 31 19 15 5 17 27 24 26 4 30 10 3 16 28 29 22 23 1 14 6.2403
0 14 1 23 22 29 28 16 3 10 30 4 26 24 27 17 5 15 19 31 8 6 2 21 25 12 11 9 18 13 20 7 6.2403
0 14 1 23 22 29 28 16 3 10 30 4 26 24 27 17 5 15 19 31 8 6 2 21 25 12 11 9 18 13 20 7 6.2403
0 14 1 23 22 29 28 16 3 10 30 4 26 24 27 17 5 15 19 31 8 6 2 21 25 12 11 9 18 13 20 7 6.2403
0 14 1 23 22 29 28 16 3 10 30 4 26 24 27 17 5 15 19 31 8 6 2 21 25 12 11 9 18 13 20 7 6.2403
0 7 20 13 18 9 11 12 21 25 2 6 8 31 19 15 5 17 27 24 26 4 30 10 3 16 28 29 22 23 1 14 6.25777
0 7 20 13 18 9 11 12 25 21 2 6 8 31 19 15 5 17 27 24 26 4 30 10 3 16 28 29 22 23 14 1 6.26019
0 7 20 13 18 9 11 12 25 21 2 6 8 31 19 15 5 17 27 24 26 4 30 10 3 16 28 29 22 23 14 1 6.26019
0 7 20 13 18 9 11 12 25 21 2 6 8 31 19 15 5 17 27 24 26 30 4 10 3 16 28 29 22 23 1 14 6.30539
0 7 20 13 18 9 11 12 25 21 2 6 8 15 19 31 5 17 27 24 26 4 30 10 3 16 28 29 22 23 1 14 6.39478
0 7 20 13 18 9 11 12 25 21 2 6 8 31 19 15 5 17 27 30 4 26 24 10 3 16 28 29 22 23 1 14 6.50135
0 7 20 13 18 9 11 21 25 12 2 6 8 31 19 15 5 17 27 24 26 4 30 10 3 16 28 29 22 23 1 14 6.5049
0 7 20 13 18 9 11 12 25 21 2 6 8 31 19 15 5 17 27 24 26 4 30 10 3 28 16 29 22 23 14 1 6.52515
0 7 20 13 18 9 11 12 25 21 2 6 8 31 19 15 5 17 27 24 26 4 30 10 3 16 28 29 22 1 23 14 6.53192
0 7 20 13 18 9 11 12 25 21 2 6 8 31 19 15 5 17 27 24 26 4 30 10 3 16 28 29 22 1 23 14 6.53192
0 7 20 13 18 9 11 12 25 21 2 6 8 31 19 15 5 17 27 24 26 4 30 10 3 16 28 29 22 1 23 14 6.53192
0 7 20 13 18 9 11 12 25 21 6 2 8 31 19 15 5 17 27 24 26 4 30 10 3 16 28 29 22 23 1 14 6.54569
0 7 20 13 18 9 11 12 25 21 2 6 8 31 19 15 5 17 27 24 26 4 30 10 3 16 22 29 28 23 1 14 6.54812
0 7 20 13 18 9 11 12 25 21 2 6 8 31 19 15 5 17 27 24 26 4 30 10 3 16 28 29 22 14 23 1 6.55164
0 7 20 13 18 9 11 12 25 21 2 6 8 17 5 15 19 31 27 24 26 4 30 10 3 16 28 29 22 23 1 14 6.71485
0 7 20 13 18 9 11 12 25 21 2 6 8 31 19 15 5 17 27 24 26 4 30 3 10 16 28 29 22 23 1 14 6.72238
0 7 20 13 18 9 11 12 25 21 2 6 8 31 19 15 5 17 27 24 26 4 30 10 3 16 28 29 23 22 1 14 6.73777
0 7 13 20 18 9 11 12 25 21 2 6 8 31 19 15 5 17 27 24 26 4 30 10 3 16 28 29 22 23 1 14 6.78319
0 1 23 22 29 28 16 3 10 30 4 26 24 27 17 5 15 19 31 8 6 2 21 25 12 11 9 18 13 20 7 14 6.80795
0 1 23 22 29 28 16 3 10 30 4 26 24 27 17 5 15 19 31 8 6 2 21 25 12 11 9 18 13 20 7 14 6.80795
0 1 23 22 29 28 16 3 10 30 4 26 24 27 17 5 15 19 31 8 6 2 21 25 12 11 9 18 13 20 7 14 6.80795
0 7 20 13 18 9 11 2 21 25 12 6 8 31 19 15 5 17 27 24 26 4 30 10 3 16 28 29 22 23 1 14 6.80955
0 7 20 13 18 9 11 12 25 21 2 6 8 31 19 15 5 17 27 24 26 4 30 10 3 16 28 23 22 29 1 14 6.81202
0 7 20 13 18 9 11 21 25 12 2 6 8 31 19 15 5 17 27 24 26 4 30 10 3 16 28 29 22 14 1 23 6.81386
0 23 22 29 28 16 3 10 30 4 26 24 27 17 5 15 19 31 8 6 2 21 25 12 11 9 18 13 20 7 1 14 6.82522
0 23 22 29 28 16 3 10 30 4 26 24 27 17 5 15 19 31 8 6 2 21 25 12 11 9 18 13 20 7 1 14 6.82522
0 7 20 13 18 9 11 12 25 21 2 6 8 31 19 15 5 17 27 24 26 4 30 10 3 16 28 23 22 29 14 1 6.83169
0 7 20 13 18 9 11 12 25 2 21 6 8 31 19 15 17 5 27 24 26 4 30 10 3 16 28 29 22 23 1 14 6.87606
0 7 20 13 18 9 11 12 25 2 21 6 8 31 19 15 17 5 27 24 26 4 30 10 3 16 28 29 22 23 1 14 6.87606
0 7 20 13 18 9 12 11 25 21 2 6 8 31 19 15 5 17 27 24 26 4 30 10 3 16 28 29 22 23 1 14 6.97665
0 13 20 7 18 9 11 12 25 21 2 6 8 31 19 15 5 17 27 24 26 4 30 10 3 16 28 29 22 23 1 14 7.04188
0 7 20 13 18 9 11 12 25 21 2 6 8 31 19 15 5 26 24 27 17 4 30 10 3 16 28 29 22 23 1 14 7.06736
0 7 20 13 18 9 11 12 25 21 2 6 8 31 19 15 5 17 27 24 26 4 30 10 3 16 28 1 23 22 29 14 7.10116
0 7 20 13 18 9 11 12 25 21 2 6 8 31 19 15 5 17 27 24 26 4 30 10 3 16 28 23 1 29 22 14 7.10347
0 7 20 13 18 9 11 12 25 21 2 6 8 31 19 15 5 17 27 24 26 4 30 10 3 16 28 1 14 23 29 22 7.1116
0 7 20 13 18 9 11 12 25 21 2 6 8 31 19 15 5 17 27 24 26 4 30 10 3 16 28 1 14 22 29 23 7.11918
0 7 20 13 18 9 21 25 12 11 2 6 8 31 19 15 5 17 27 24 26 4 30 10 3 16 28 29 22 23 1 14 7.22556
0 7 20 13 18 9 21 25 12 11 2 6 8 31 19 15 5 17 27 24 26 4 30 10 3 16 28 29 22 23 1 14 7.22556
0 7 20 13 18 9 25 21 11 12 2 6 8 31 19 15 5 17 27 24 26 4 30 10 3 16 28 29 22 23 1 14 7.23246
0 7 1 23 22 29 28 16 3 10 30 4 26 24 27 17 5 15 19 31 8 6 2 21 25 12 11 9 18 13 20 14 7.25729
0 7 23 22 29 28 16 3 10 30 4 26 24 27 17 5 15 19 31 8 6 2 21 25 12 11 9 18 13 20 1 14 7.2703
0 7 20 13 18 9 11 12 25 21 2 6 8 31 19 15 5 17 27 24 26 4 30 10 3 16 28 29 14 23 1 22 7.33007
0 7 20 13 18 9 11 12 25 21 2 6 8 31 19 15 5 17 27 24 26 4 30 10 3 16 28 29 14 23 1 22 7.33007
0 7 20 13 18 9 11 12 25 21 2 6 8 27 17 5 15 19 31 24 26 4 30 10 3 16 28 29 22 23 1 14 7.33212
0 7 20 13 18 9 11 12 25 21 2 6 8 31 19 15 5 17 27 30 4 26 24 10 3 16 28 1 23 29 22 14 7.36272
0 7 20 13 18 9 11 12 25 21 2 6 8 31 19 15 4 26 24 27 17 5 30 10 3 16 28 29 22 23 1 14 7.41138
0 7 20 13 18 9 21 25 12 11 2 6 8 31 19 15 5 17 27 24 26 4 30 10 3 16 28 29 22 14 1 23 7.53451
0 7 20 13 18 9 11 12 25 21 2 6 17 5 15 19 31 8 27 24 26 4 30 10 3 16 28 29 22 23 1 14 7.54291
0 7 20 13 18 9 11 12 25 21 2 6 8 31 30 4 26 24 27 17 5 19 15 10 3 16 28 29 22 23 1 14 7.55326
0 7 20 13 18 9 11 12 25 21 2 6 8 31 19 15 5 17 27 24 26 4 30 28 16 3 10 29 22 23 1 14 7.55574
0 7 20 13 18 9 11 12 25 21 2 6 8 31 19 15 5 17 27 24 26 4 30 10 3 23 1 16 28 29 22 14 7.57303
0 29 28 16 3 10 30 4 26 24 27 17 5 15 19 31 8 6 2 21 25 12 11 9 18 13 20 7 22 23 1 14 7.58063
0 7 20 9 18 13 11 12 25 21 2 6 8 31 19 15 5 17 27 24 26 4 30 10 3 16 28 29 22 23 1 14 7.59282
0 7 20 13 18 9 11 12 25 21 2 6 8 31 19 15 5 17 27 24 26 4 30 10 3 23 1 29 22 16 28 14 7.65428
0 7 20 13 18 9 11 12 25 21 2 6 8 31 19 15 5 17 27 10 26 4 30 24 3 16 28 29 22 23 1 14 7.79802
0 7 20 13 18 9 11 12 25 21 2 6 8 31 19 15 5 17 27 24 26 4 30 10 3 14 1 23 29 28 22 16 7.86263
0 7 20 13 18 9 11 12 25 21 2 6 8 31 19 15 5 17 27 24 26 4 30 10 3 14 1 23 29 28 22 16 7.86263
0 7 20 13 18 9 11 12 25 21 2 6 8 31 19 15 5 17 27 24 26 4 30 10 3 1 28 29 22 16 23 14 7.86968
0 7 20 13 18 9 11 12 25 21 2 6 8 31 19 15 5 17 27 24 26 4 30 10 3 23 14 1 29 28 22 16 7.87738
0 7 20 13 18 9 11 12 25 21 2 6 8 31 19 15 5 17 27 24 26 4 30 10 23 3 16 28 29 22 1 14 7.8873
0 7 20 13 18 9 11 12 25 21 2 6 8 31 19 15 5 17 27 24 26 4 30 10 3 16 1 29 22 23 28 14 7.89684
0 7 20 13 18 9 11 12 25 21 2 6 8 31 19 15 5 17 27 24 30 3 10 4 26 16 28 29 22 23 1 14 7.99
0 7 20 13 23 22 29 28 16 3 10 30 4 26 24 27 17 5 15 19 31 8 6 2 21 25 12 11 9 18 1 14 8.02178
0 7 9 18 13 20 11 12 25 21 2 6 8 31 19 15 5 17 27 24 26 4 30 10 3 16 28 29 22 23 1 14 8.06448
0 7 20 13 18 9 11 12 25 21 2 17 5 15 19 31 8 6 27 24 26 4 30 10 3 16 28 29 22 23 1 14 8.0843
0 16 7 20 13 18 9 11 12 25 21 2 6 8 31 19 15 5 17 27 24 26 4 30 10 3 28 29 22 23 1 14 8.09358
0 16 29 22 7 20 13 18 9 11 12 25 21 2 6 8 31 19 15 5 17 27 24 26 4 30 10 3 28 23 1 14 8.13149
0 7 20 29 28 16 3 10 30 4 26 24 27 17 5 15 19 31 8 6 2 21 25 12 11 9 18 13 22 23 1 14 8.20821
0 7 20 13 22 29 28 16 3 10 30 4 26 24 27 17 5 15 19 31 8 6 2 21 25 12 11 9 18 23 1 14 8.2525
0 7 20 13 22 29 28 16 3 10 30 4 26 24 27 17 5 15 19 31 8 6 2 21 25 12 11 9 18 23 1 14 8.2525
0 7 16 3 10 30 4 26 24 27 17 5 15 19 31 8 6 2 21 25 12 11 9 18 13 20 28 29 22 23 1 14 8.25406
0 7 20 13 11 9 18 12 25 21 2 6 8 31 19 15 5 17 27 24 26 4 30 10 3 16 28 29 22 23 1 14 8.30885
0 7 20 13 18 6 2 21 25 12 11 9 8 31 19 15 5 17 27 24 26 4 30 10 3 16 28 29 22 23 1 14 8.31934
0 7 20 13 18 6 2 21 25 12 11 9 8 31 19 15 5 17 27 24 26 4 30 10 3 16 28 29 22 23 1 14 8.31934
0 7 20 13 18 9 11 12 25 21 2 6 8 31 19 15 5 17 27 24 26 4 30 10 3 28 29 14 16 23 1 22 8.38713
0 7 20 13 18 9 11 12 25 21 2 6 17 27 24 26 5 8 31 19 15 4 30 10 3 16 28 29 22 23 1 14 8.40003
0 7 3 10 30 4 26 24 27 17 5 15 19 31 8 6 2 21 25 12 11 9 18 13 20 16 28 29 22 23 1 14 8.42232
0 7 20 13 18 9 11 12 25 2 21 17 8 6 31 19 15 5 27 24 26 4 30 10 3 16 28 29 22 23 1 14 8.43158
0 7 20 13 18 9 11 12 25 21 2 6 27 8 31 19 15 17 5 24 26 4 30 10 3 16 28 29 22 23 1 14 8.45903
0 7 20 13 18 9 11 12 25 21 2 6 27 8 31 19 15 17 5 24 26 4 30 10 3 16 28 29 22 23 1 14 8.45903
0 7 20 13 18 9 11 12 25 21 2 6 8 31 19 15 5 17 27 24 26 4 30 28 22 3 16 10 29 23 1 14 8.5017
0 7 23 22 29 28 16 20 13 18 9 11 12 25 21 2 6 8 31 19 15 5 17 27 24 26 4 30 10 3 1 14 8.51482
0 7 20 13 18 9 11 12 25 21 2 6 8 31 19 4 5 17 27 24 26 15 30 10 3 16 28 29 22 23 1 14 8.5632
0 7 20 13 18 9 11 12 25 21 2 6 8 31 19 4 5 17 27 24 26 15 30 10 3 16 28 29 22 23 1 14 8.5632
0 7 20 13 18 9 11 12 25 21 2 6 8 31 19 15 5 17 27 24 30 4 26 10 29 23 1 22 3 28 16 14 8.57229
0 7 20 13 18 9 11 12 25 21 2 6 27 31 19 15 5 17 8 24 26 4 30 10 3 16 28 29 22 23 1 14 8.61011
0 7 20 13 18 9 11 12 25 21 2 6 17 5 15 19 31 8 27 24 26 4 30 10 3 16 28 29 1 22 14 23 8.64047
0 7 20 13 18 9 11 12 25 21 2 6 8 31 19 15 5 17 27 24 26 4 30 29 3 16 28 10 22 23 1 14 8.65715
0 7 20 13 18 9 11 12 25 21 2 6 8 31 19 15 5 17 27 24 26 4 28 30 10 3 16 29 22 23 1 14 8.72257
0 7 20 13 18 9 11 12 25 21 2 6 8 31 19 15 5 17 30 10 3 16 27 24 26 4 28 29 22 23 1 14 8.73297
0 7 20 13 28 16 3 10 30 4 26 24 27 17 5 15 19 31 8 6 2 21 25 12 11 9 18 29 22 23 1 14 8.73775
0 7 20 13 18 1 23 22 29 28 9 11 12 25 21 2 6 8 31 19 15 5 17 27 24 26 4 30 10 3 16 14 8.80237
0 7 20 13 18 9 11 12 25 21 2 6 8 3 10 30 4 26 24 27 17 5 15 19 31 16 28 29 22 23 1 14 8.81597
0 7 20 13 18 9 11 12 25 21 2 6 8 31 19 15 5 30 10 3 26 4 17 27 24 16 28 29 22 23 1 14 8.81949
0 7 20 13 18 9 11 12 25 21 2 5 8 31 19 15 6 17 27 24 26 4 30 10 3 16 28 29 22 23 1 14 8.8546
0 7 20 13 16 3 10 30 4 26 24 27 17 5 15 19 31 8 6 2 21 25 12 11 9 18 28 29 22 23 1 14 8.90374
0 7 20 13 16 3 10 30 4 26 24 27 17 5 15 19 31 8 6 2 21 25 12 11 9 18 28 29 22 23 1 14 8.90374
0 7 20 13 16 3 10 30 4 26 24 27 17 5 15 19 31 8 6 2 21 25 12 11 9 18 28 29 22 23 1 14 8.90374
0 7 20 13 18 9 11 12 25 21 2 6 8 31 19 15 5 17 22 29 28 16 3 10 30 4 26 24 27 23 1 14 8.95294
0 1 14 20 13 9 7 18 11 12 25 21 2 6 8 31 19 15 5 17 27 24 26 4 30 10 3 16 28 29 22 23 8.967
0 7 20 13 18 9 11 12 30 4 26 24 27 17 5 15 19 31 8 6 2 21 25 10 3 16 28 29 22 23 1 14 8.99837
0 7 20 13 3 10 30 4 26 24 27 17 5 15 19 31 8 6 2 21 25 12 11 9 18 16 28 29 22 23 1 14 9.01182
0 7 20 13 18 9 11 12 25 21 2 6 8 31 19 26 4 30 10 3 15 5 17 27 24 16 28 29 22 23 1 14 9.02207
0 7 20 13 18 9 11 12 25 21 6 2 8 31 19 15 5 17 27 24 26 16 28 3 10 30 4 29 22 23 1 14 9.08178
0 7 20 13 18 9 11 12 25 21 2 6 8 31 19 15 5 17 27 30 10 3 16 28 29 22 24 26 4 23 1 14 9.10606
0 7 20 13 18 9 11 12 25 21 2 6 8 24 26 4 30 10 3 31 19 15 5 17 27 16 28 29 22 23 1 14 9.12615
0 7 20 13 18 2 11 12 25 21 9 6 8 31 19 15 5 17 27 24 26 4 30 10 3 16 28 29 22 23 1 14 9.13191
0 7 20 13 18 9 15 19 8 6 11 12 25 21 2 31 5 17 27 24 26 4 30 10 3 16 28 29 22 23 1 14 9.14688
0 7 20 13 18 9 11 24 12 25 21 2 6 8 31 19 15 5 17 27 26 4 30 10 3 16 28 29 22 23 1 14 9.17722
0 7 20 13 18 9 11 12 25 21 2 6 8 31 19 15 5 17 27 24 26 4 30 10 22 14 23 29 28 1 3 16 9.27463
0 7 20 1 18 9 11 12 25 21 2 6 8 31 19 15 5 17 27 24 26 4 30 10 3 16 28 29 22 23 13 14 9.28093
0 7 20 6 2 21 25 12 11 9 18 13 8 31 19 15 5 17 27 24 26 4 30 10 3 16 28 29 22 23 1 14 9.29281
0 7 10 20 13 18 9 11 12 25 21 2 6 8 31 19 15 5 17 27 24 26 4 30 3 16 28 29 22 23 1 14 9.2945
0 7 20 13 30 4 26 24 27 17 5 15 19 31 8 6 2 21 25 12 11 9 18 10 3 16 28 29 22 23 1 14 9.36621
0 7 20 13 18 9 11 12 25 21 17 27 24 26 19 15 5 2 6 8 31 4 30 10 3 16 28 29 22 23 1 14 9.37456
0 7 20 13 18 9 11 12 25 21 2 6 8 31 19 15 5 29 22 28 16 3 10 30 4 26 24 27 17 23 1 14 9.38466
0 7 20 13 18 9 28 16 3 10 30 4 26 24 27 17 5 15 19 31 8 6 2 21 25 12 11 29 22 23 1 14 9.38982
0 7 20 13 6 2 21 25 12 11 9 18 8 31 19 15 5 17 27 24 26 4 30 10 3 16 28 29 22 23 1 14 9.39797
0 7 20 13 18 24 27 17 5 15 19 31 8 6 2 21 25 12 11 9 26 4 30 10 3 16 28 29 22 23 1 14 9.40458
0 7 20 13 18 9 11 12 25 21 19 6 8 31 2 15 5 17 27 24 26 4 30 10 3 16 28 29 22 23 1 14 9.45
0 7 20 13 18 9 11 12 25 21 2 6 8 31 19 15 5 17 27 4 30 10 3 16 28 29 22 23 24 26 1 14 9.45122
0 7 20 13 18 9 11 12 25 21 2 6 8 31 19 15 5 17 27 23 22 29 28 16 3 10 30 24 26 4 1 14 9.454
0 22 20 13 18 9 11 12 25 21 2 6 8 31 19 15 5 17 27 24 26 4 30 10 3 16 28 23 7 29 14 1 9.45773
0 7 20 13 18 4 26 24 27 17 5 15 19 31 8 6 2 21 25 12 11 9 30 10 3 16 28 29 22 23 1 14 9.45951
0 7 20 13 18 9 11 12 25 21 2 6 8 31 19 15 5 17 27 24 16 28 29 22 23 26 4 30 10 3 1 14 9.4603
0 7 20 13 18 9 11 12 25 21 2 6 8 31 19 15 5 17 29 22 23 27 24 26 4 30 10 3 16 28 1 14 9.4632
0 7 20 13 18 9 11 12 25 21 2 6 8 31 19 15 5 17 1 23 22 29 28 16 3 10 30 4 26 24 27 14 9.46586
0 7 20 13 18 9 11 12 25 21 2 6 8 31 19 15 5 17 1 23 22 29 28 16 3 10 30 4 26 24 27 14 9.46586
0 7 20 13 18 9 11 1 23 22 29 28 16 3 10 30 4 26 24 27 17 5 15 19 31 8 6 2 21 25 12 14 9.47099
0 7 20 13 18 9 11 12 25 21 2 6 8 31 19 15 5 17 27 24 1 23 22 29 28 16 3 10 30 4 26 14 9.49853
0 7 20 13 18 9 11 12 25 2 21 17 8 6 31 19 15 5 27 24 26 4 30 16 3 10 28 29 22 23 1 14 9.51396
0 7 20 13 18 9 10 30 4 26 24 27 17 5 15 19 31 8 6 2 21 25 12 11 3 16 28 29 22 23 1 14 9.54625
0 7 20 13 8 6 2 21 25 12 11 9 18 31 19 15 5 17 27 24 26 4 30 10 3 16 28 29 22 23 1 14 9.55132
0 7 20 13 18 9 11 19 15 31 17 27 24 12 25 21 2 6 8 5 26 4 30 10 3 16 28 29 22 23 1 14 9.55472
0 14 1 23 22 29 28 16 3 10 30 4 26 24 27 17 5 15 19 31 7 20 13 18 9 11 12 25 21 2 6 8 9.55655
0 7 20 13 18 9 11 12 25 21 2 6 4 31 19 15 5 17 27 24 26 8 30 10 3 16 28 29 22 23 1 14 9.57066
0 7 20 13 18 9 11 12 25 21 10 30 4 26 24 27 17 5 15 19 31 8 6 2 3 16 28 29 22 23 1 14 9.59654
0 7 20 13 18 9 11 31 25 21 2 6 8 12 19 15 5 17 27 24 26 4 30 10 3 16 28 29 22 23 1 14 9.60396
0 12 25 7 20 13 18 9 11 21 2 6 8 31 19 15 5 17 27 24 26 4 30 10 3 16 28 29 22 23 1 14 9.62644
0 7 20 13 18 9 11 12 25 21 2 6 8 31 19 15 5 14 1 23 22 29 28 16 3 10 30 4 26 24 27 17 9.64216
0 4 26 24 27 17 5 15 19 31 8 6 2 21 25 12 11 9 18 13 20 7 30 10 3 16 28 29 22 23 1 14 9.64438
0 7 20 13 18 9 11 12 25 21 2 6 8 31 19 15 5 28 29 26 24 27 17 4 30 10 3 16 22 23 1 14 9.6457
0 7 20 13 18 9 11 12 5 17 27 24 26 31 19 15 25 21 2 6 8 4 30 10 3 16 28 29 22 23 1 14 9.66108
0 7 20 13 18 9 11 12 25 21 2 6 22 29 28 16 3 10 30 4 26 24 27 17 5 15 19 31 8 23 1 14 9.66226
0 7 20 13 18 9 11 12 25 21 2 6 8 31 19 15 5 17 27 24 26 4 28 16 10 3 30 23 22 29 1 14 9.66366
0 7 20 13 18 9 11 12 25 21 2 6 8 31 19 15 5 17 27 4 30 10 3 16 28 29 22 23 1 26 24 14 9.67512
0 14 1 23 29 28 22 16 3 10 30 4 26 24 27 17 5 15 19 31 8 6 2 21 25 7 20 13 18 9 11 12 9.68801
0 14 1 23 29 28 22 16 3 10 30 4 26 24 27 17 5 15 19 31 8 6 2 21 25 7 20 13 18 9 11 12 9.68801
0 7 20 13 18 9 11 12 25 21 2 6 8 31 19 15 17 27 5 10 16 24 26 4 30 3 28 29 22 23 1 14 9.69094
0 7 20 13 18 9 11 12 25 21 5 6 8 31 19 15 2 17 27 24 26 4 30 10 3 16 28 29 22 23 1 14 9.70103
0 7 20 13 18 9 11 12 25 21 2 6 8 31 19 15 5 17 24 27 26 1 23 22 29 28 4 30 10 3 16 14 9.70181
0 23 22 29 28 16 3 10 30 4 26 24 27 17 5 15 19 31 8 12 25 21 2 6 11 7 20 13 9 18 1 14 9.75033
0 7 20 13 18 9 10 11 12 25 21 2 6 8 31 19 15 5 17 27 24 26 4 30 3 16 28 29 22 23 1 14 9.76983
0 7 20 13 18 9 11 12 25 21 2 6 8 31 17 5 15 27 24 26 4 30 10 3 16 19 28 29 22 23 1 14 9.77494
0 7 20 13 18 9 11 12 25 21 2 6 17 31 24 15 5 8 27 19 26 4 30 10 3 16 28 29 22 23 1 14 9.78541
0 7 20 13 18 9 11 12 25 21 2 6 8 31 19 15 5 17 27 30 4 26 24 10 22 28 23 3 1 14 16 29 9.81192
0 7 20 13 18 9 11 12 10 30 4 26 24 27 17 5 15 19 31 8 6 25 21 2 3 16 28 29 22 23 1 14 9.83654
0 16 28 29 22 9 11 12 25 21 2 6 8 31 19 15 5 17 27 24 26 4 30 10 3 7 20 13 18 23 1 14 9.84917
0 7 20 13 18 9 11 10 30 4 26 24 27 5 17 15 19 31 8 6 2 21 25 12 3 16 28 29 22 23 1 14 9.89052
0 7 20 13 18 9 11 12 25 21 2 23 22 29 28 16 3 10 30 4 26 24 27 17 5 15 19 31 8 6 1 14 9.91384
0 7 20 13 18 9 11 12 25 21 16 3 10 30 4 26 24 27 17 5 15 19 31 8 6 2 28 29 22 23 1 14 9.93555
0 7 20 15 19 31 8 6 2 21 25 12 11 9 18 13 5 17 27 24 26 4 30 10 3 16 28 29 22 23 1 14 9.93809
0 7 20 13 18 9 11 12 25 21 2 6 8 31 19 15 5 27 22 29 28 16 3 10 17 30 4 26 24 23 1 14 9.94414
0 7 20 13 18 9 11 12 25 21 2 28 16 3 10 30 4 26 24 27 17 5 15 19 31 8 6 29 22 23 1 14 9.94937
0 7 20 13 18 9 11 12 25 21 1 23 22 29 28 16 3 10 30 4 26 24 27 17 5 15 19 31 8 6 2 14 9.9659
0 7 20 13 18 9 11 12 25 21 1 23 22 29 28 16 3 10 30 4 26 24 27 17 5 15 19 31 8 6 2 14 9.9659
0 6 2 21 7 20 13 18 9 11 12 25 8 31 19 15 5 17 27 24 26 4 30 10 3 16 28 29 22 23 1 14 9.97249
0 14 1 23 22 29 28 16 3 10 30 4 26 24 27 17 5 7 20 13 18 9 11 12 25 21 2 6 8 31 19 15 9.97997
0 7 20 13 18 9 11 12 16 3 10 30 4 26 24 27 17 5 15 19 31 8 6 2 21 25 28 29 22 23 1 14 9.9806
0 5 7 20 13 18 9 11 12 25 21 2 6 8 31 19 15 17 27 24 26 4 30 10 3 16 28 29 22 23 1 14 9.98315
0 15 5 7 20 13 18 9 11 12 25 21 2 6 8 31 19 17 27 24 26 4 30 10 3 16 28 29 22 23 1 14 9.98722
0 15 5 7 20 13 18 9 11 12 25 21 2 6 8 31 19 17 27 24 26 4 30 10 3 16 28 29 22 23 1 14 9.98722
0 7 20 13 18 23 22 29 28 16 3 10 30 9 11 12 25 21 2 6 8 31 19 15 5 17 27 24 26 4 1 14 10.0232
0 7 20 13 18 9 11 12 25 21 2 1 23 22 29 28 16 3 10 30 4 26 24 27 17 5 15 19 31 8 6 14 10.0274
0 7 19 31 8 6 2 21 25 12 11 9 18 13 20 15 5 17 27 24 26 4 30 10 3 16 28 29 22 23 1 14 10.038
0 14 1 23 22 29 28 16 17 10 30 4 26 24 27 3 5 15 19 31 8 6 2 21 25 12 11 9 18 13 20 7 10.0572
0 7 20 13 18 9 11 12 25 21 2 6 8 31 19 15 5 17 27 24 26 4 30 16 10 23 28 1 14 3 29 22 10.0585
0 7 20 13 18 9 11 12 25 21 2 6 8 31 19 15 5 17 27 24 26 4 30 16 10 23 28 1 14 3 29 22 10.0585
0 7 20 13 18 8 11 12 25 21 2 9 6 31 19 15 5 17 27 24 26 4 30 10 3 16 28 29 22 23 1 14 10.07
0 7 15 19 31 8 6 2 21 25 12 11 9 18 13 20 5 17 27 24 26 4 30 10 3 16 28 29 22 23 1 14 10.1
0 1 23 22 29 28 24 7 20 13 18 9 11 12 25 21 2 6 8 31 19 15 5 17 27 26 4 30 10 3 16 14 10.1085
0 1 23 22 29 28 24 7 20 13 18 9 11 12 25 21 2 6 8 31 19 15 5 17 27 26 4 30 10 3 16 14 10.1085
0 1 23 22 29 28 24 7 20 13 18 9 11 12 25 21 2 6 8 31 19 15 5 17 27 26 4 30 10 3 16 14 10.1085
0 7 21 25 12 9 11 18 13 20 2 6 8 31 19 15 5 17 27 24 26 4 30 10 3 16 28 29 22 23 1 14 10.2127
0 7 20 13 18 9 11 12 25 21 2 6 8 31 19 15 5 3 16 28 29 22 23 1 17 27 24 26 4 30 10 14 10.2283
0 7 20 13 18 9 11 12 25 21 19 15 5 17 27 24 26 4 30 10 31 2 6 8 3 16 28 29 22 23 1 14 10.2286
0 7 28 13 18 9 11 12 25 21 2 6 8 31 19 15 5 17 27 24 26 4 30 10 3 16 20 29 22 23 1 14 10.2566
0 1 20 13 18 9 11 12 25 7 21 2 6 8 31 19 15 5 17 27 24 26 4 30 10 3 16 28 29 22 23 14 10.2602
0 7 22 29 28 16 3 10 30 4 26 24 27 17 5 15 19 31 20 13 18 9 11 12 25 21 2 6 8 23 1 14 10.2875
0 7 20 13 18 9 11 12 25 21 2 6 8 5 15 19 24 26 4 30 10 22 31 17 27 3 16 28 29 23 1 14 10.2986
0 7 20 13 18 9 11 12 19 21 2 6 8 31 25 15 5 17 27 24 26 4 30 10 3 16 28 29 22 23 1 14 10.3076
0 7 20 13 18 9 11 12 25 21 2 6 8 31 19 10 3 16 28 29 22 23 1 15 5 17 27 24 26 4 30 14 10.3149
0 7 20 13 18 9 11 12 25 21 2 6 8 31 19 10 3 16 28 29 22 23 1 15 5 17 27 24 4 26 30 14 10.3403
0 7 20 13 18 9 11 12 25 21 2 6 10 31 19 15 5 17 27 24 26 4 30 8 3 16 28 29 22 23 1 14 10.3921
0 5 17 27 24 26 4 30 10 3 16 28 29 22 23 1 7 20 13 18 9 11 12 25 21 2 6 8 31 19 15 14 10.4024
0 5 17 27 24 26 4 30 10 3 16 28 29 22 23 1 7 20 13 18 9 11 12 25 21 2 6 8 31 19 15 14 10.4024
0 5 17 27 24 26 4 30 10 3 16 28 29 22 23 1 7 20 13 18 9 11 12 25 21 2 6 8 31 19 15 14 10.4024
0 5 17 27 24 26 4 30 10 3 16 28 29 22 23 1 7 20 13 18 9 11 12 25 21 2 6 8 31 19 15 14 10.4024
0 5 17 27 24 26 4 30 10 3 16 28 29 22 23 1 7 20 13 18 9 11 12 25 21 2 6 8 31 19 15 14 10.4024
0 5 17 27 24 26 4 30 10 3 16 28 29 22 23 1 7 20 13 18 9 11 12 25 21 2 6 8 31 19 15 14 10.4024
0 7 20 13 6 2 21 25 12 11 9 18 31 19 15 5 17 8 27 24 26 4 30 10 3 16 28 29 22 23 1 14 10.4257
0 7 20 13 18 9 11 12 15 21 2 6 8 31 19 25 5 17 27 24 26 4 30 10 3 16 28 29 22 23 1 14 10.4394
0 15 5 17 27 24 26 4 30 10 3 16 28 29 22 7 20 13 18 9 11 12 25 21 2 6 8 31 19 23 1 14 10.442
0 15 5 17 27 24 26 4 30 10 3 16 28 29 22 7 20 13 18 9 11 12 25 21 2 6 8 31 19 23 1 14 10.442
0 7 18 31 20 13 9 11 12 25 21 2 6 8 19 15 5 17 27 24 26 4 30 10 3 16 28 29 22 23 1 14 10.4837
0 7 20 13 18 9 11 12 25 21 2 6 30 10 3 16 28 29 22 8 31 19 15 5 17 27 24 26 4 23 1 14 10.4859
0 13 26 7 20 18 9 11 12 25 21 2 6 8 31 19 15 5 17 27 24 4 30 10 3 16 28 29 22 23 1 14 10.5083
0 7 20 13 18 30 10 3 16 28 9 11 12 25 21 2 6 8 31 19 15 5 17 27 24 26 4 29 22 23 1 14 10.5293
0 7 20 13 18 31 11 12 25 21 2 9 6 8 19 15 5 17 27 24 26 4 30 10 3 16 28 29 22 23 1 14 10.5715
0 7 5 17 27 24 26 4 30 20 13 18 9 11 12 25 21 2 6 8 31 19 15 10 3 16 28 29 22 23 1 14 10.5764
0 7 20 5 17 19 31 8 6 21 2 25 12 11 9 18 13 15 27 24 26 4 30 10 3 16 28 29 22 23 14 1 10.6004
0 13 4 26 24 27 17 5 15 19 31 8 6 2 21 25 12 11 9 18 7 20 30 10 3 16 28 29 22 23 1 14 10.6324
0 7 20 13 18 9 15 5 17 27 24 26 4 30 10 11 12 25 21 2 6 8 31 19 3 16 28 29 22 23 1 14 10.6327
0 7 20 29 28 16 3 10 30 4 26 24 27 5 15 19 31 8 6 2 21 17 25 12 11 9 18 13 22 23 1 14 10.6428
0 7 5 17 27 24 26 4 30 10 3 16 28 29 22 23 20 13 18 9 11 12 25 21 2 6 8 31 19 15 1 14 10.6471
0 7 5 17 27 24 26 4 30 10 3 16 28 29 22 23 20 13 18 9 11 12 25 21 2 6 8 31 19 15 1 14 10.6471
0 7 5 17 27 24 26 4 30 10 3 16 28 29 22 23 20 13 18 9 11 12 25 21 2 6 8 31 19 15 1 14 10.6471
0 7 5 17 27 24 26 4 30 10 3 16 28 29 22 23 1 20 13 18 9 11 12 25 21 2 6 8 31 19 15 14 10.6498
0 7 20 13 18 1 11 12 25 21 2 6 8 31 19 15 5 17 27 24 26 4 30 10 3 16 28 29 22 23 9 14 10.6623
0 7 20 13 18 9 11 12 25 21 2 1 23 22 29 28 16 3 10 30 4 26 24 27 17 5 15 6 8 31 19 14 10.7112
0 7 20 13 18 9 11 24 12 25 21 2 6 8 31 19 15 5 17 10 26 4 30 27 3 16 28 29 22 23 1 14 10.7135
0 7 20 13 18 9 11 12 25 21 2 30 8 31 19 15 5 17 27 24 26 4 6 10 3 16 28 29 22 23 1 14 10.7139
0 7 20 13 18 9 11 12 17 21 2 6 8 31 19 15 5 25 27 24 26 4 30 10 3 16 28 29 22 23 1 14 10.723
0 7 20 13 14 9 11 12 25 21 2 6 8 31 19 15 5 17 27 24 26 4 30 28 29 16 10 3 22 23 1 18 10.723
0 7 31 19 15 5 17 27 24 26 4 30 10 20 13 18 9 11 12 25 21 2 6 8 3 16 28 29 22 23 1 14 10.7582
0 7 20 13 18 16 3 4 30 10 26 24 27 17 5 15 19 31 8 6 2 21 25 12 11 9 1 29 22 23 28 14 10.7616
0 29 7 20 13 18 9 11 12 25 21 2 6 8 31 19 15 5 22 28 16 3 10 30 4 26 24 27 17 23 1 14 10.7782
0 7 20 5 17 27 24 26 4 30 10 3 16 28 29 22 13 18 9 11 12 25 21 2 6 8 31 19 15 23 1 14 10.8071
0 7 20 13 18 9 11 12 25 21 23 22 29 28 16 3 10 30 4 26 27 17 5 24 15 19 31 8 6 2 1 14 10.8422
0 1 23 29 22 28 16 3 10 30 4 14 20 13 18 7 9 11 12 25 21 2 6 8 31 19 15 5 17 27 24 26 10.8446
0 7 20 8 31 19 15 5 17 27 24 26 13 18 9 11 12 25 21 2 6 4 30 10 3 16 28 29 22 23 1 14 10.8619
0 7 1 23 22 29 28 16 3 10 30 4 26 24 27 5 15 17 19 20 13 18 9 11 12 25 21 2 6 8 31 14 10.8648
0 23 22 29 28 16 15 19 31 8 6 2 21 25 12 11 9 18 13 20 7 3 10 30 4 26 24 27 17 5 1 14 10.8663
0 7 20 13 18 9 11 12 25 21 2 6 8 31 19 15 5 3 16 28 29 22 30 10 17 27 24 26 4 23 1 14 10.8741
0 7 20 13 18 9 11 12 25 21 2 6 8 31 19 15 5 17 27 1 23 10 3 16 24 26 4 30 28 29 22 14 10.8806
0 7 20 13 18 9 11 12 25 21 2 6 8 31 19 10 3 16 28 23 22 29 14 15 5 17 27 24 26 4 30 1 10.9034
0 7 20 13 18 9 11 12 25 21 2 6 8 31 19 10 3 16 28 23 22 29 14 15 5 17 27 24 26 4 30 1 10.9034
0 7 20 13 18 5 17 27 24 26 4 30 10 3 16 28 9 11 12 25 21 2 6 8 31 19 15 29 22 23 1 14 10.9224
0 30 10 26 24 27 17 5 15 19 31 8 6 2 21 25 12 11 9 18 13 20 7 4 3 16 28 29 22 23 1 14 10.9242
0 7 20 13 18 9 11 12 25 21 8 6 2 31 19 5 17 27 24 26 4 30 10 3 16 28 29 22 23 1 15 14 10.9354
0 27 17 5 15 19 31 8 6 2 7 20 13 18 9 11 12 25 21 24 26 4 30 10 3 16 28 29 22 23 1 14 10.9505
0 16 29 19 7 20 13 18 9 11 12 25 21 2 6 8 31 15 5 17 27 24 26 4 30 10 3 28 22 23 1 14 10.9673
0 16 29 19 7 20 13 18 9 11 12 25 21 2 6 8 31 15 5 17 27 24 26 4 30 10 3 28 22 23 1 14 10.9673
0 7 20 13 18 9 11 12 25 21 5 17 27 24 26 4 30 10 3 16 28 29 22 23 1 2 6 8 31 19 15 14 11.0309
0 7 20 13 18 9 11 12 25 21 2 6 8 31 19 15 5 17 27 24 28 4 30 10 3 16 26 29 22 23 1 14 11.0504
0 23 5 17 8 7 20 13 18 9 11 12 25 21 2 6 31 19 15 27 24 26 4 30 10 3 16 28 29 22 1 14 11.0822
0 7 20 13 18 9 11 12 25 21 4 30 10 3 16 28 29 22 23 2 6 8 31 19 15 5 17 27 24 26 1 14 11.0934
0 7 20 13 18 9 19 12 25 21 2 6 8 31 11 15 5 17 27 24 4 26 30 10 3 16 28 29 22 23 1 14 11.1122
0 7 20 13 18 9 11 12 25 21 2 6 4 30 10 3 16 28 29 24 26 8 31 19 15 5 17 27 22 23 1 14 11.1382
0 7 20 13 18 31 11 12 25 21 2 6 8 9 19 15 5 17 27 24 26 4 30 10 3 16 28 29 22 23 1 14 11.1533
0 7 20 13 18 9 24 26 4 30 10 3 16 28 29 22 23 1 11 12 25 21 2 6 8 31 19 15 5 17 27 14 11.1591
0 7 20 13 28 9 11 12 25 21 2 6 8 31 19 15 5 17 27 24 26 4 30 10 3 16 18 29 22 23 1 14 11.1706
0 7 20 13 18 9 11 12 25 21 2 6 8 31 19 15 3 16 28 24 26 4 30 10 5 17 27 29 22 23 1 14 11.1963
0 7 20 13 6 9 11 12 25 21 18 2 8 31 19 15 5 17 27 24 26 4 30 10 3 16 28 29 22 23 1 14 11.2621
0 7 20 13 18 9 11 12 25 21 2 5 15 19 31 8 6 17 27 24 26 23 22 29 16 28 30 4 10 3 1 14 11.2936
0 1 20 13 18 9 11 12 25 21 5 6 8 31 19 15 2 17 27 24 26 4 30 10 3 16 28 29 22 23 7 14 11.2987
0 7 20 13 19 15 5 17 27 24 26 4 30 31 18 9 11 12 25 21 2 6 8 10 3 16 28 29 22 23 1 14 11.3145
0 7 20 13 19 15 5 17 27 24 26 4 30 31 18 9 11 12 25 21 2 6 8 10 3 16 28 29 22 23 1 14 11.3145
0 7 20 29 28 16 3 10 30 4 26 31 8 6 2 21 25 12 24 27 17 5 15 19 11 9 18 13 22 23 1 14 11.3647
0 7 20 13 2 9 21 25 12 11 18 6 8 31 19 15 17 5 27 24 26 4 30 10 3 16 28 29 22 23 1 14 11.3955
0 7 20 13 18 9 11 12 25 21 30 6 8 31 19 15 5 17 27 24 26 4 2 10 3 16 28 29 22 23 1 14 11.3959
0 7 20 13 18 9 11 12 25 21 2 6 8 31 3 16 28 29 22 24 26 4 30 10 19 15 5 17 27 23 1 14 11.4651
0 7 20 13 18 9 11 12 25 21 2 6 30 10 3 16 28 29 22 23 1 4 8 31 19 15 5 17 27 24 26 14 11.5823
0 7 20 13 18 9 11 12 25 21 2 6 8 31 19 15 5 17 27 29 22 4 30 10 3 16 28 24 26 23 1 14 11.5894
0 7 20 13 18 9 11 12 25 21 2 6 8 31 19 15 3 16 28 29 22 23 1 10 30 5 27 17 4 24 26 14 11.6043
0 7 20 13 18 9 11 12 15 19 31 8 6 2 21 25 5 17 27 23 22 29 28 16 3 10 30 4 24 26 1 14 11.6069
0 7 20 13 18 9 11 12 25 21 2 6 8 31 19 15 5 17 27 24 26 4 3 16 28 29 23 30 1 10 22 14 11.6527
0 7 16 3 10 30 4 1 23 22 29 26 24 27 17 5 15 19 31 8 6 2 21 25 12 11 9 18 13 20 28 14 11.6825
0 7 20 13 18 9 11 12 25 21 2 6 8 31 19 15 5 17 27 24 26 23 22 29 16 14 4 30 10 3 1 28 11.6969
0 7 20 3 18 9 11 12 25 21 2 6 8 31 19 15 5 17 27 24 26 4 30 10 13 16 28 29 22 23 1 14 11.7522
0 7 20 13 18 9 11 12 25 5 15 19 31 8 6 4 26 24 27 17 21 2 30 10 3 16 23 22 29 28 1 14 11.7542
0 7 20 17 27 24 26 30 10 3 16 28 29 22 23 1 15 5 4 19 31 8 6 2 21 25 12 11 9 18 13 14 11.7635
0 7 20 13 18 9 11 12 25 21 2 6 8 31 19 15 5 17 27 22 26 4 30 10 3 16 28 29 24 23 1 14 11.7655
0 7 20 13 18 9 11 12 25 24 2 6 8 31 19 15 5 17 27 21 26 4 30 10 3 16 28 29 22 23 1 14 11.7848
0 7 20 13 18 9 11 12 25 21 2 6 8 31 19 15 5 17 27 24 28 16 3 10 30 4 23 22 29 26 1 14 11.7991
0 7 20 13 18 9 11 12 25 21 2 6 8 31 19 15 5 17 22 24 26 4 30 10 3 16 28 29 27 23 1 14 11.8025
0 7 20 13 18 9 11 12 25 21 29 6 8 31 19 15 2 5 17 27 24 26 4 30 10 3 16 28 22 23 1 14 11.8106
0 7 20 13 18 9 11 12 25 21 2 1 23 22 29 28 16 3 10 30 4 15 19 31 8 6 26 24 27 17 5 14 11.8261
0 12 20 13 18 9 11 7 25 21 2 6 8 31 19 15 5 17 27 24 26 4 30 10 3 16 28 29 22 23 1 14 11.8531
0 7 20 13 18 17 11 12 25 21 2 6 8 31 19 15 5 9 27 24 26 4 30 10 3 16 28 29 22 23 1 14 11.8674
0 7 20 13 18 9 11 12 25 21 26 23 22 29 28 16 3 10 30 4 24 27 17 5 15 8 31 19 6 2 1 14 11.8806
0 7 6 8 31 19 15 5 17 21 2 20 13 18 9 11 12 25 27 24 26 4 30 10 3 16 28 29 22 23 1 14 11.9046
0 14 27 20 29 22 23 1 7 13 18 9 11 12 25 21 2 6 8 31 19 15 5 17 24 26 4 30 10 3 16 28 11.9299
0 7 20 13 17 18 11 12 25 9 21 2 6 8 31 19 15 5 27 24 26 4 30 10 3 16 28 29 22 23 1 14 11.9653
0 7 20 13 18 27 24 26 4 30 10 3 16 31 19 15 5 17 9 11 12 25 21 2 6 8 28 29 22 23 1 14 11.9929
0 7 20 13 18 9 11 12 23 22 29 16 28 25 21 2 6 8 30 19 31 15 5 17 27 24 26 4 10 3 1 14 12.0255
0 7 20 13 18 9 11 12 30 21 2 6 8 31 19 15 5 17 27 24 26 4 25 10 3 16 28 29 22 23 1 14 12.0453
0 15 5 20 13 18 9 11 12 25 21 8 2 6 31 19 17 27 24 26 4 30 10 3 16 28 29 22 7 23 1 14 12.0567
0 7 20 13 18 9 11 12 25 21 2 6 8 31 16 15 5 17 27 24 26 4 30 10 3 19 28 29 22 23 1 14 12.0638
0 7 20 13 10 9 11 12 25 21 2 6 8 31 19 15 5 17 27 24 26 4 30 18 3 16 28 29 22 23 1 14 12.0744
0 6 30 4 26 24 27 17 5 19 15 31 8 7 20 13 18 9 11 12 25 21 2 10 3 16 28 29 22 23 1 14 12.0921
0 7 20 13 18 9 11 12 25 21 2 6 8 31 19 15 16 28 29 22 23 1 30 10 3 5 17 27 24 26 4 14 12.1078
0 7 20 13 18 9 11 12 25 24 26 4 30 10 3 16 28 17 27 21 2 6 8 31 19 15 5 29 22 23 1 14 12.1768
0 14 1 23 12 11 9 16 3 10 30 4 26 24 27 17 5 15 19 31 8 6 2 21 25 22 29 28 18 13 20 7 12.1869
0 7 20 13 18 9 11 24 26 21 2 6 8 31 19 15 5 17 27 12 25 4 30 10 3 16 28 29 22 23 1 14 12.2048
0 6 8 31 19 15 5 17 27 24 2 7 20 13 18 9 11 12 25 21 26 4 30 10 3 16 28 29 22 23 1 14 12.2193
0 7 20 13 18 9 11 12 25 21 2 6 16 31 19 15 5 17 27 24 26 4 30 10 3 8 28 29 22 23 1 14 12.2196
0 7 20 13 18 9 11 12 25 21 2 6 8 31 19 16 28 29 22 23 1 27 17 5 15 3 10 30 4 26 24 14 12.2469
0 10 3 16 28 29 22 23 25 21 2 6 8 31 19 15 5 17 27 24 26 4 30 7 20 13 18 9 11 12 1 14 12.2513
0 7 20 13 18 9 11 12 25 21 2 6 8 30 28 29 16 10 3 22 23 24 26 31 19 15 5 17 27 4 1 14 12.2702
0 7 20 13 18 9 11 12 25 21 2 6 8 30 28 29 16 10 3 22 23 24 26 31 19 15 5 17 27 4 1 14 12.2702
0 7 20 13 18 9 11 12 25 21 4 30 10 3 16 28 29 22 23 1 26 2 6 8 31 19 15 5 17 27 24 14 12.2761
0 7 20 13 18 9 11 12 25 21 2 6 8 31 10 15 5 17 27 24 26 4 28 16 3 19 30 29 22 23 1 14 12.2764
0 7 20 13 18 9 11 12 25 21 15 19 8 6 2 4 24 27 17 5 31 1 14 26 30 10 3 16 28 29 22 23 12.2766
0 7 20 13 18 9 11 12 25 26 4 30 10 3 16 28 29 22 23 24 21 2 6 8 31 19 15 5 17 27 1 14 12.3034
0 7 20 13 18 9 27 22 29 28 16 3 10 2 21 25 12 11 6 8 31 19 15 5 17 24 26 4 30 23 1 14 12.3146
0 6 2 7 20 13 18 16 3 10 30 4 26 24 27 17 5 15 19 31 8 21 25 12 11 9 28 29 22 23 1 14 12.3228
0 7 20 13 18 9 11 12 25 21 2 6 8 31 19 15 5 23 27 24 26 4 30 10 3 16 28 29 22 17 1 14 12.3493
0 7 20 13 18 9 11 31 8 6 2 21 25 12 19 15 5 17 27 24 26 4 29 10 3 16 28 30 22 23 1 14 12.3776
0 7 20 13 18 9 11 12 25 21 2 6 8 31 16 29 22 26 4 30 10 3 28 19 15 5 17 27 24 23 1 14 12.3811
0 7 20 13 18 9 11 12 25 21 30 10 3 16 28 29 22 8 31 19 15 5 17 27 24 26 4 2 6 23 1 14 12.4114
0 7 20 13 18 27 24 26 4 30 10 3 16 28 29 22 23 17 9 11 12 25 21 2 6 8 31 19 15 5 1 14 12.418
0 7 20 13 18 27 24 26 4 30 10 3 16 28 29 22 23 17 9 11 12 25 21 2 6 8 31 19 15 5 1 14 12.418
0 7 20 13 18 9 11 12 25 1 21 2 19 8 31 6 15 5 17 27 24 26 4 30 10 3 16 28 29 22 23 14 12.4366
0 5 17 27 24 26 4 30 10 3 16 28 29 22 23 1 7 20 13 18 9 8 6 11 12 25 21 2 31 19 15 14 12.4686
0 13 19 31 8 27 24 26 4 30 10 3 16 28 29 7 20 18 9 11 12 25 21 2 6 17 5 15 22 23 1 14 12.4729
0 7 20 13 18 9 11 12 26 4 30 10 3 16 28 29 22 23 1 24 25 21 2 6 8 31 19 15 5 17 27 14 12.4943
0 7 20 13 18 9 11 12 25 21 2 17 24 26 27 30 16 3 10 28 5 15 19 31 8 6 4 29 22 23 1 14 12.5095
0 7 20 13 18 9 11 12 25 21 2 17 24 26 27 30 16 3 10 28 5 15 19 31 8 6 4 29 22 23 1 14 12.5095
0 7 20 13 18 9 16 17 27 24 26 4 30 10 3 28 29 22 23 11 12 25 21 2 6 8 31 19 15 5 1 14 12.5358
0 7 20 13 18 9 11 26 4 30 10 3 16 28 29 15 5 17 27 24 12 25 21 2 6 8 31 19 22 23 1 14 12.5366
0 7 20 13 18 9 11 12 26 4 30 10 3 16 28 29 5 17 27 24 25 21 2 6 8 31 19 15 22 23 1 14 12.5407
0 7 20 13 18 9 11 12 25 21 2 6 8 31 19 15 5 29 22 23 1 4 30 10 3 16 28 17 27 24 26 14 12.5409
0 7 20 13 18 9 11 31 8 6 2 3 16 28 29 22 12 25 21 19 15 5 17 27 24 26 4 30 10 23 1 14 12.5826
0 7 30 13 18 9 11 12 25 21 2 6 8 31 19 15 5 17 27 24 26 4 20 10 3 16 28 29 22 23 1 14 12.5969
0 7 30 13 18 9 11 12 25 21 2 6 8 31 19 15 5 17 27 24 26 4 20 10 3 16 28 29 22 23 1 14 12.5969
0 7 20 13 18 9 11 12 25 21 2 6 8 31 19 28 5 17 27 24 26 4 30 10 3 16 15 29 22 23 1 14 12.6164
0 7 20 19 17 5 15 27 31 4 30 10 3 16 28 13 18 9 11 12 25 21 2 6 8 24 26 29 22 23 1 14 12.6322
0 7 20 18 31 13 9 11 12 25 21 2 6 8 19 15 5 17 27 24 26 4 28 16 3 10 30 29 22 23 1 14 12.6326
0 23 22 29 28 16 3 10 30 4 26 24 27 17 5 15 13 20 7 11 6 2 21 25 12 8 31 19 9 18 1 14 12.6425
0 7 20 13 18 9 11 12 25 21 2 6 8 31 19 15 5 17 27 24 14 4 30 10 3 16 28 29 22 23 1 26 12.6495
0 7 20 13 18 9 11 12 25 21 2 6 8 31 19 29 23 26 4 30 10 3 16 28 22 24 27 17 15 5 1 14 12.6719
0 7 20 13 18 9 11 12 25 21 2 6 8 31 19 29 23 26 4 30 10 3 16 28 22 24 27 17 15 5 1 14 12.6719
0 7 20 13 18 9 11 12 25 21 2 6 8 31 19 15 5 22 23 1 26 4 30 10 3 16 28 29 17 27 24 14 12.6873
0 12 25 18 23 14 16 7 20 13 9 11 21 2 6 8 31 19 15 5 17 27 24 26 4 30 10 3 22 29 28 1 12.694
0 7 20 13 18 9 11 19 15 5 17 27 24 26 8 31 12 25 21 2 6 4 16 3 10 30 28 29 22 23 1 14 12.7015
0 7 20 13 18 29 11 12 25 21 2 6 8 31 19 15 5 17 27 24 26 4 30 10 3 23 22 9 28 16 1 14 12.7028
0 7 22 26 24 27 17 5 15 19 31 8 6 2 21 25 12 11 9 18 13 20 28 29 23 16 14 4 30 10 3 1 12.7532
0 2 20 13 18 9 11 12 25 21 7 6 8 31 19 15 5 17 27 24 26 4 30 10 3 16 28 29 22 23 1 14 12.7779
0 7 20 13 18 23 11 12 31 25 21 2 6 8 19 15 5 17 27 24 26 4 30 10 3 16 28 29 22 9 1 14 12.7962
0 7 20 13 18 9 11 12 25 21 2 30 24 26 4 6 10 3 16 8 31 19 15 5 17 27 28 29 22 23 1 14 12.8184
0 7 20 13 18 9 11 12 25 21 2 6 8 31 28 29 22 23 1 24 26 4 30 10 3 16 19 15 5 17 27 14 12.8313
0 7 20 13 18 9 28 12 25 21 2 6 8 31 19 15 5 17 27 24 26 4 30 10 3 16 11 29 22 23 1 14 12.8423
0 7 20 13 18 9 11 16 28 29 22 23 1 24 26 4 30 10 3 12 25 21 2 6 8 31 19 15 5 17 27 14 12.8668
0 7 20 13 18 9 24 26 4 30 10 3 16 28 1 23 22 29 27 11 12 25 21 2 6 8 31 19 15 5 17 14 12.8742
0 7 20 8 18 13 6 11 12 25 21 2 9 31 19 15 5 17 27 24 26 4 30 10 3 16 28 29 22 23 1 14 12.8955
0 7 20 13 18 9 23 22 21 2 6 8 31 19 15 5 17 27 24 26 4 30 10 3 16 28 29 25 12 11 1 14 12.9134
0 7 20 13 18 9 11 12 25 21 2 6 8 31 1 23 19 10 3 15 5 17 27 24 26 4 30 16 28 29 22 14 12.9191
0 7 22 29 28 16 3 10 20 13 18 9 11 12 25 21 2 6 8 31 19 15 5 23 27 24 26 4 30 17 1 14 12.9278
0 7 18 31 20 13 9 11 12 25 21 2 6 8 19 15 5 17 27 24 26 4 28 16 3 10 30 29 22 23 1 14 12.9389
0 7 18 31 20 13 9 11 12 25 21 2 6 8 19 15 5 17 27 24 26 4 28 16 3 10 30 29 22 23 1 14 12.9389
0 7 20 13 18 9 11 12 25 21 2 6 8 29 19 15 5 17 27 24 26 4 16 31 30 10 3 28 22 23 1 14 12.9461
0 7 20 13 18 9 11 12 25 21 2 6 8 23 19 15 5 17 27 24 26 4 30 10 3 16 28 29 22 31 1 14 12.9737
0 7 20 24 26 4 30 10 3 16 28 29 22 31 19 15 5 17 27 13 18 9 11 12 25 21 2 6 8 23 1 14 12.9845
0 7 20 13 18 4 21 11 12 25 2 6 8 31 19 15 5 17 27 24 26 9 30 10 3 16 28 29 22 23 1 14 13.004
0 7 20 13 18 9 11 3 25 21 2 6 8 31 19 15 5 17 27 24 26 4 30 10 12 16 28 29 22 23 1 14 13.0141
0 7 20 13 18 9 11 12 25 27 21 2 6 8 31 19 26 4 30 10 15 5 17 24 23 3 16 28 29 22 1 14 13.0259
0 7 20 13 18 9 11 12 25 21 2 6 8 31 22 15 5 17 27 24 26 4 30 10 3 16 28 29 19 23 1 14 13.057
0 13 4 26 24 27 17 5 15 19 31 8 6 2 21 25 12 11 9 18 7 20 30 10 3 22 1 28 14 23 29 16 13.0673
0 7 20 13 18 9 11 12 25 21 2 6 8 31 23 22 29 28 16 3 1 19 15 5 17 27 4 26 30 10 24 14 13.0784
0 7 15 5 17 27 24 26 4 21 2 6 8 31 19 20 13 18 9 11 12 25 30 10 3 16 28 29 22 23 1 14 13.0804
0 7 20 13 18 22 29 28 16 3 10 9 11 12 25 21 2 6 8 31 19 15 5 23 27 24 26 4 30 17 1 14 13.0821
0 7 18 20 13 9 11 12 26 4 30 10 3 16 28 29 22 23 1 24 25 21 2 6 8 31 19 15 5 17 27 14 13.0834
0 14 1 23 22 29 24 27 17 5 21 25 12 26 4 30 10 3 16 28 2 6 8 31 19 15 11 9 18 13 20 7 13.0886
0 7 20 13 18 9 11 12 25 24 2 6 8 31 4 19 15 5 17 27 21 26 30 10 3 16 28 29 22 23 1 14 13.0925
0 7 20 17 27 24 26 4 30 10 3 16 28 29 22 23 1 13 18 8 6 9 11 12 25 21 2 31 19 15 5 14 13.1848
0 7 20 13 18 9 11 12 25 21 3 16 28 29 22 23 5 17 27 24 26 4 30 10 2 6 8 31 19 15 1 14 13.1904
0 7 20 31 18 9 11 12 25 21 2 6 8 13 19 15 5 17 27 24 26 4 30 10 3 16 28 29 22 23 1 14 13.226
0 7 20 13 17 27 18 9 11 30 4 26 24 5 15 19 31 8 6 2 21 25 12 10 3 16 28 29 22 23 1 14 13.2595
0 27 17 5 15 19 31 8 6 2 21 25 7 20 13 18 9 11 12 22 23 24 26 4 30 10 3 16 28 29 1 14 13.2862
0 4 20 13 18 9 11 12 25 21 2 6 8 31 19 15 5 17 27 24 26 7 30 10 3 16 28 29 22 23 1 14 13.3107
0 7 20 13 18 9 11 28 29 22 23 1 8 31 19 15 5 17 27 24 26 4 30 10 3 16 12 25 21 2 6 14 13.3356
0 27 24 26 4 30 10 3 16 28 29 22 23 1 19 15 5 17 7 20 13 18 9 11 12 25 21 2 6 8 31 14 13.3484
0 7 20 13 18 9 11 12 25 21 2 28 8 31 19 15 5 17 27 24 26 4 30 10 3 16 6 29 22 23 1 14 13.353
0 7 20 13 18 9 11 12 14 21 2 6 8 31 19 15 5 17 27 24 26 4 30 10 3 16 28 29 22 23 1 25 13.3776
0 7 20 13 18 9 11 12 25 21 2 6 8 31 15 19 26 14 1 22 29 28 16 3 10 30 4 27 24 23 17 5 13.3806
0 7 20 13 18 9 11 12 25 21 2 6 8 31 15 19 26 14 1 22 29 28 16 3 10 30 4 27 24 23 17 5 13.3806
0 5 17 27 24 26 4 30 10 3 16 28 29 22 19 15 7 20 13 18 9 11 12 25 21 2 6 8 31 23 1 14 13.3861
0 7 20 17 27 24 26 4 30 10 3 16 28 29 22 23 5 13 18 9 11 12 25 21 2 6 8 31 19 15 1 14 13.3885
0 7 20 13 18 9 11 12 25 21 5 15 19 31 8 6 2 23 22 29 16 28 17 27 24 26 4 30 14 10 3 1 13.401
0 7 20 13 18 9 11 12 25 21 2 6 8 31 19 15 14 17 27 24 26 4 30 10 3 16 28 29 22 23 1 5 13.4216
0 7 26 13 18 9 11 12 25 21 2 6 8 31 19 15 5 17 27 24 20 4 30 10 3 16 28 29 22 23 1 14 13.4781
0 7 26 13 18 9 11 12 25 21 2 6 8 31 19 15 5 17 27 24 20 4 30 10 3 16 28 29 22 23 1 14 13.4781
0 7 20 13 18 9 11 12 25 21 2 6 8 31 1 23 19 15 5 17 27 24 26 4 30 14 3 16 28 29 22 10 13.4827
0 7 20 13 18 9 17 5 15 19 31 8 6 24 27 4 30 10 3 16 28 29 12 11 25 21 2 26 22 23 1 14 13.5192
0 7 20 13 18 9 11 12 23 21 2 6 8 31 19 15 5 17 27 24 26 4 30 10 3 16 28 29 22 25 1 14 13.5272
0 7 20 13 18 9 11 12 25 16 2 6 8 31 19 15 5 17 27 24 26 4 30 10 3 21 28 29 22 23 1 14 13.5286
0 17 27 24 26 4 30 10 3 16 28 29 22 23 1 15 5 7 20 13 18 9 11 12 25 21 2 6 8 31 19 14 13.546
0 7 20 13 18 9 11 12 25 21 2 1 8 31 19 15 5 17 27 24 26 4 30 10 3 16 28 29 22 23 6 14 13.5706
0 7 20 13 18 24 26 4 30 10 3 16 28 1 14 23 5 17 27 9 11 12 25 21 2 6 8 31 19 15 29 22 13.6299
0 7 20 13 18 9 19 12 25 21 2 6 8 31 11 15 5 17 28 16 3 10 30 4 26 24 27 29 22 23 1 14 13.6557
0 16 28 29 22 9 20 12 25 21 2 6 8 31 19 15 5 17 27 24 26 4 30 10 3 7 11 13 18 23 1 14 13.6762
0 7 20 13 18 9 11 12 25 21 2 6 8 31 19 15 5 17 27 24 26 29 22 23 1 16 28 4 14 30 3 10 13.6944
0 7 19 13 18 9 11 12 25 21 2 6 8 31 20 15 5 17 27 24 26 4 30 10 3 16 28 29 22 23 1 14 13.7127
0 5 17 27 24 26 4 30 10 3 16 28 29 22 23 1 7 20 13 8 6 2 21 25 12 11 9 18 31 19 15 14 13.7134
0 7 20 13 30 10 11 12 25 21 2 6 8 31 19 15 17 5 27 24 26 4 18 9 3 16 28 29 22 23 1 14 13.7171
0 7 20 13 18 9 11 12 25 21 27 24 26 4 10 16 28 29 22 23 17 6 8 31 19 15 5 2 30 3 1 14 13.722
0 7 15 13 18 9 11 12 25 21 2 6 8 31 19 20 5 17 27 24 26 4 30 10 3 16 28 29 22 23 1 14 13.7308
0 7 20 13 18 9 11 12 25 22 2 6 8 31 19 15 5 17 27 24 26 4 30 10 3 16 28 29 21 23 1 14 13.7417
0 3 10 16 28 29 22 23 20 7 30 4 26 24 27 17 5 15 1 13 18 9 11 12 25 21 2 6 8 31 19 14 13.7553
0 7 20 23 22 29 28 16 3 15 5 27 24 31 19 4 17 1 13 18 9 11 12 25 21 2 6 8 26 30 10 14 13.7663
0 7 20 13 18 9 11 12 25 21 2 6 8 31 19 29 5 17 27 24 26 4 30 10 3 16 22 23 1 28 15 14 13.7779
0 7 20 13 18 9 11 12 25 28 2 6 8 31 19 15 5 17 27 24 26 4 30 10 3 16 21 29 22 23 1 14 13.8075
0 7 20 13 26 9 11 23 22 29 18 12 25 21 2 6 8 31 19 15 5 17 27 24 4 30 10 3 16 28 1 14 13.8214
0 7 24 13 18 9 11 12 25 21 2 6 8 31 19 15 17 5 27 20 26 4 30 10 3 16 28 29 22 23 1 14 13.8491
0 7 19 15 5 17 27 24 26 4 30 10 3 16 28 29 22 23 1 2 21 25 12 11 9 18 13 20 31 8 6 14 13.8782
0 7 20 13 26 4 30 10 3 16 28 29 22 23 8 31 19 15 5 17 27 24 18 9 11 12 6 2 21 25 1 14 13.8816
0 7 20 13 18 17 27 3 10 1 23 22 29 28 16 26 24 9 11 12 25 21 2 6 8 31 19 15 5 4 30 14 13.8879
0 7 20 17 27 24 26 30 10 3 16 28 29 22 23 1 15 5 13 18 9 11 12 25 21 2 6 8 31 19 4 14 13.9095
0 7 20 13 18 9 11 24 26 4 30 10 3 16 28 29 22 23 1 17 27 12 25 6 8 21 2 31 19 15 5 14 13.9535
0 7 20 13 4 30 10 16 17 24 28 22 18 9 11 12 25 21 2 6 8 31 19 15 5 27 26 3 29 23 1 14 13.9628
0 7 15 26 24 27 18 13 20 19 31 8 6 2 21 25 12 11 9 17 5 4 30 10 3 16 28 29 22 23 1 14 13.9737
0 7 4 30 10 3 16 28 22 23 29 19 31 8 6 2 21 25 12 11 9 20 13 18 26 24 27 17 5 15 1 14 13.9787
0 7 20 15 5 17 27 24 13 18 9 11 12 25 21 2 3 6 8 31 19 26 4 30 10 16 28 29 22 23 1 14 14.0293
0 7 28 13 18 9 11 12 25 21 2 30 4 26 24 27 17 5 15 19 31 8 20 6 10 3 16 29 22 23 1 14 14.0426
0 7 20 13 18 9 11 12 25 21 3 16 28 29 22 23 5 2 10 30 4 26 24 27 17 15 19 31 8 6 1 14 14.072
0 7 20 13 18 9 11 12 25 21 3 16 28 29 22 23 5 2 10 30 4 26 24 27 17 15 19 31 8 6 1 14 14.072
0 7 20 13 18 9 11 31 25 21 2 6 12 8 19 15 5 17 28 24 26 4 30 10 3 16 27 29 22 23 1 14 14.081
0 7 20 4 26 24 27 17 5 15 19 31 8 6 28 13 18 9 11 12 25 21 2 16 3 10 30 29 22 23 1 14 14.0907
0 7 20 13 3 16 9 11 12 25 21 2 6 31 19 15 5 17 27 24 26 4 30 10 18 8 28 29 22 23 1 14 14.1328
0 13 17 27 24 26 4 30 10 3 16 28 29 22 23 15 5 20 7 18 9 11 12 25 21 2 6 8 31 19 1 14 14.1694
0 16 29 22 7 20 13 18 9 11 12 25 26 4 21 2 6 8 31 19 15 5 17 27 24 30 14 28 23 10 3 1 14.1907
0 7 20 13 18 23 22 6 8 31 19 15 5 17 27 24 26 4 1 29 28 16 3 10 30 9 11 12 25 21 2 14 14.2077
0 7 20 13 18 23 22 6 8 31 19 15 5 17 27 24 26 4 1 29 28 16 3 10 30 9 11 12 25 21 2 14 14.2077
0 1 8 6 2 21 25 12 11 9 18 13 17 5 15 19 31 23 22 7 20 27 24 26 4 30 10 3 16 28 29 14 14.2356
0 7 20 15 5 17 27 24 9 11 12 25 21 2 6 8 31 19 23 26 4 30 10 3 16 28 29 22 13 18 1 14 14.2551
0 7 20 4 26 24 21 6 8 31 19 13 18 9 11 12 25 5 15 2 17 27 30 10 3 16 28 29 22 23 1 14 14.3135
0 7 20 13 18 9 11 12 25 21 3 15 19 31 8 6 2 22 5 17 27 24 4 30 10 26 16 28 29 23 1 14 14.4061
0 7 22 29 28 25 12 11 9 18 13 20 23 17 5 15 19 31 8 6 2 21 16 3 10 30 4 26 24 27 1 14 14.409
0 7 20 13 18 9 11 12 25 21 2 6 8 31 19 29 10 3 16 28 15 22 5 17 27 24 26 4 30 23 1 14 14.4196
0 7 20 13 18 9 3 16 8 31 19 15 5 17 4 26 24 6 2 21 25 12 11 29 28 27 30 10 22 23 1 14 14.42
0 7 20 3 15 5 17 27 24 26 4 30 10 13 16 18 9 11 12 25 21 2 6 8 31 19 28 29 22 23 1 14 14.4305
0 7 5 15 19 24 1 23 22 29 28 16 3 10 30 4 26 31 8 6 2 21 25 12 11 9 18 13 20 17 27 14 14.44
0 21 2 27 24 26 4 30 10 3 16 28 29 22 23 1 7 20 17 5 15 19 31 8 6 13 18 9 11 12 25 14 14.5379
0 7 20 13 18 9 11 12 26 4 30 10 3 16 25 21 2 6 8 31 19 15 5 17 27 29 22 28 1 14 24 23 14.5877
0 26 8 1 6 7 20 13 18 9 11 12 25 21 2 31 19 15 5 17 27 24 4 30 10 3 16 28 29 22 23 14 14.6876
0 7 20 13 18 9 11 30 25 21 2 6 8 31 19 15 5 17 27 24 26 29 4 12 10 3 16 28 22 23 1 14 14.7034
0 17 1 23 22 29 28 16 3 15 5 27 24 26 30 10 7 20 13 18 9 11 12 25 21 2 6 8 31 19 4 14 14.711
0 7 20 13 18 9 11 19 15 5 17 27 24 12 25 21 4 6 8 31 26 2 30 10 3 16 28 29 22 23 1 14 14.7483
0 7 20 13 18 9 11 12 25 21 23 16 29 22 26 4 30 10 3 28 6 8 31 19 15 5 17 27 24 2 1 14 14.7574
0 7 20 13 18 9 11 12 25 21 2 6 8 31 23 5 17 27 19 1 22 29 28 16 3 10 30 4 26 24 15 14 14.7613
0 7 20 13 18 9 12 11 25 21 2 6 8 31 19 15 5 17 27 24 3 30 23 28 22 4 29 16 10 26 1 14 14.7654
0 7 20 13 18 9 11 12 23 21 2 6 8 31 19 29 25 15 5 17 27 24 26 4 30 10 3 16 28 22 1 14 14.7846
0 7 20 27 3 10 1 23 22 29 28 16 26 5 15 19 31 8 13 18 9 11 12 25 21 2 6 17 24 4 30 14 14.8208
0 17 27 24 15 4 30 10 3 16 28 29 22 23 1 26 5 7 20 13 18 9 11 12 25 21 2 6 8 31 19 14 14.8423
0 7 20 13 18 28 29 12 25 21 2 6 8 31 19 15 26 9 11 5 17 27 24 4 10 3 16 30 22 23 1 14 14.8577
0 7 20 13 18 9 11 12 25 21 2 6 8 17 30 23 28 22 4 15 24 26 27 5 3 31 19 10 16 29 1 14 14.876
0 7 20 13 18 9 11 12 25 21 2 6 8 31 19 22 30 4 26 24 27 17 5 15 28 23 3 1 10 14 16 29 15.0464
0 5 17 27 24 26 4 1 23 22 29 28 8 31 19 15 7 20 13 18 9 11 12 25 21 2 6 30 10 3 16 14 15.0587
0 15 28 21 26 7 20 13 18 9 11 12 25 2 6 8 31 19 5 17 27 24 4 30 10 3 16 29 22 23 1 14 15.0664
0 7 13 20 18 9 17 27 25 21 2 6 8 31 19 15 5 11 12 24 26 4 30 3 1 14 23 10 16 22 28 29 15.0869
0 6 2 25 21 30 10 3 16 22 23 1 12 11 20 7 13 18 9 8 31 19 15 5 17 27 24 26 4 28 29 14 15.1765
0 7 20 13 18 9 11 12 25 21 2 3 4 26 24 27 17 5 15 6 8 31 19 16 29 22 30 28 14 1 10 23 15.1797
0 21 7 20 13 23 22 29 28 16 18 9 11 12 25 24 2 6 8 31 19 15 5 17 27 26 4 30 10 3 1 14 15.1944
0 7 20 13 18 9 11 12 25 21 17 23 24 26 19 15 5 2 6 8 31 4 30 10 3 16 28 29 22 27 1 14 15.2216
0 7 20 13 18 9 11 12 25 21 2 6 8 31 19 15 5 17 27 24 26 14 16 28 4 23 10 3 1 30 29 22 15.2795
0 7 20 13 26 24 27 11 9 18 4 12 25 21 2 6 8 31 19 15 5 17 30 10 3 23 28 29 1 14 22 16 15.4036
0 7 20 5 15 18 9 11 12 25 21 2 6 8 31 19 1 13 23 22 29 28 16 3 10 30 4 26 24 17 27 14 15.4141
0 5 17 11 12 25 21 2 10 3 16 28 29 22 23 1 7 20 13 18 9 27 24 26 4 30 6 8 31 19 15 14 15.5239
0 7 20 13 18 9 11 12 25 21 2 6 8 31 19 15 5 26 24 17 27 23 14 16 10 1 30 22 3 4 28 29 15.5488
0 7 20 22 14 1 29 28 16 3 10 30 4 18 24 27 17 5 15 19 31 8 6 2 21 25 12 11 13 9 26 23 15.5866
0 7 20 13 18 9 11 12 25 21 2 6 8 31 19 15 5 17 27 16 29 22 3 30 28 1 14 24 4 10 23 26 15.6056
0 16 20 13 17 27 24 26 4 30 10 3 7 28 29 22 23 18 9 11 12 25 21 2 6 5 8 31 19 15 1 14 15.6738
0 7 20 13 18 9 11 12 25 21 2 6 8 31 19 29 3 16 28 15 22 23 30 10 5 17 27 24 26 4 1 14 15.6915
0 7 20 13 18 9 11 31 8 6 2 3 16 28 29 26 19 24 15 17 27 25 12 21 5 4 30 10 22 23 1 14 15.716
0 7 20 13 6 10 3 28 16 26 24 27 17 5 15 19 31 8 18 2 21 25 12 11 9 30 4 29 22 23 1 14 15.7321
0 7 20 13 18 9 30 12 25 21 2 6 8 31 19 15 16 29 5 17 27 24 26 4 11 10 3 28 22 23 1 14 15.7322
0 7 20 13 18 9 11 12 25 21 2 6 8 31 16 15 5 23 17 27 24 26 4 30 10 3 19 22 28 29 1 14 15.7746
0 7 20 13 18 9 11 12 25 21 2 6 8 31 19 15 5 3 22 23 17 27 24 26 4 14 30 1 29 10 28 16 15.8043
0 7 20 13 18 9 11 12 25 21 2 6 8 31 19 15 5 3 22 23 17 27 24 26 4 14 30 1 29 10 28 16 15.8043
0 7 19 22 5 17 27 24 26 4 30 10 15 31 20 13 18 9 11 12 25 21 2 6 8 3 16 28 29 23 1 14 15.8179
0 21 2 6 8 31 19 15 5 17 27 24 26 4 30 10 3 16 28 29 22 25 1 18 23 12 11 9 13 7 20 14 15.8986
0 27 23 22 28 16 3 10 30 4 26 24 29 21 25 12 11 9 18 13 20 7 2 6 8 31 19 15 5 17 1 14 15.9178
0 4 26 24 27 17 5 15 19 31 8 6 2 21 25 12 11 9 10 13 20 7 30 18 3 16 28 29 23 22 1 14 15.9759
0 7 20 13 18 9 11 15 19 31 8 6 2 28 16 3 10 30 4 26 24 27 17 5 12 25 1 23 14 22 29 21 16.0113
0 7 20 13 18 9 11 15 19 31 8 6 2 28 16 3 10 30 4 26 24 27 17 5 12 25 1 23 14 22 29 21 16.0113
0 5 2 30 3 27 24 26 4 10 16 28 29 22 23 1 7 20 13 18 9 11 12 25 21 17 6 8 31 19 15 14 16.012
0 7 20 13 18 9 11 12 25 21 2 6 8 31 23 22 29 28 16 3 1 19 15 5 17 27 24 10 30 4 14 26 16.0679
0 7 20 13 18 9 11 12 25 24 21 4 26 27 17 5 15 10 30 23 22 29 28 16 3 19 31 8 6 2 1 14 16.1428
0 7 20 3 18 9 11 12 25 21 2 6 8 31 19 15 5 17 27 24 13 22 4 28 26 30 10 16 29 23 1 14 16.169
0 7 20 4 18 9 11 12 25 21 13 2 6 8 31 22 29 28 16 3 10 30 26 24 27 17 5 15 19 23 1 14 16.175
0 7 20 13 18 9 11 4 2 21 25 12 26 24 27 17 1 23 22 29 28 16 3 10 30 6 5 31 19 15 8 14 16.1755
0 7 20 27 3 31 8 6 2 21 25 12 11 9 18 13 10 1 23 22 29 28 16 26 5 15 19 24 17 4 30 14 16.1807
0 28 22 4 15 23 21 2 24 7 20 13 18 9 11 12 25 6 8 31 19 5 17 27 26 30 10 3 16 29 1 14 16.2089
0 7 20 13 18 9 11 12 25 21 2 6 8 31 19 15 5 17 27 4 14 22 30 1 24 26 29 10 28 23 3 16 16.2444
0 7 28 16 3 10 30 4 15 19 31 8 6 26 29 20 13 18 9 11 12 25 21 2 1 23 22 24 27 17 5 14 16.3461
0 20 2 3 31 22 7 13 18 9 21 25 12 11 6 8 19 15 5 17 27 24 4 30 10 26 16 28 29 23 1 14 16.3524
0 20 2 3 31 22 7 13 18 9 21 25 12 11 6 8 19 15 5 17 27 24 4 30 26 28 16 10 29 23 1 14 16.4827
0 7 20 13 18 9 19 12 17 5 24 26 4 30 10 3 16 28 29 22 23 1 27 15 11 31 8 6 2 21 25 14 16.5445
0 7 5 15 19 31 8 6 2 21 25 12 3 10 30 4 26 24 1 23 22 29 28 16 11 9 18 13 20 17 27 14 16.5641
0 7 20 13 18 9 11 12 25 21 3 16 28 29 22 23 5 17 27 24 26 4 30 10 2 6 8 1 15 19 31 14 16.6672
0 7 20 13 18 9 11 12 25 21 28 16 3 10 30 4 26 24 27 17 5 22 19 31 8 6 2 29 15 23 1 14 16.7257
0 7 20 13 18 9 11 12 25 15 5 3 26 31 22 24 2 19 21 6 8 17 27 4 30 10 16 28 29 23 1 14 16.7423
0 7 20 10 3 16 28 29 12 25 21 2 6 8 31 19 15 5 17 27 24 26 23 22 30 11 9 18 13 4 1 14 16.7427
0 7 20 13 18 9 11 12 25 21 5 4 26 24 6 8 31 19 15 22 17 27 2 29 28 30 10 3 16 23 1 14 16.7471
0 26 20 13 18 9 17 5 15 19 31 8 6 24 27 4 30 10 3 16 28 29 12 11 25 21 2 7 22 23 1 14 16.7628
0 7 20 13 29 22 23 21 2 6 8 31 19 15 1 30 10 3 16 28 18 9 11 12 25 5 17 27 24 26 4 14 16.7727
0 13 20 7 18 9 11 12 25 21 2 6 8 31 23 22 29 28 16 3 1 19 15 5 17 27 24 10 30 4 14 26 16.8694
0 7 20 13 18 9 8 15 6 2 21 25 12 11 4 16 28 1 3 26 14 31 19 5 17 27 24 30 10 29 22 23 16.8855
0 28 22 4 15 23 21 12 24 26 27 7 20 13 18 9 11 2 25 6 8 31 19 5 17 30 10 3 16 29 1 14 16.8899
0 7 20 13 18 26 24 12 22 29 28 16 3 10 30 4 9 11 27 17 15 5 25 21 2 6 8 31 19 23 1 14 16.9202
0 2 21 25 12 11 9 18 13 20 7 6 8 31 14 15 5 17 27 24 26 4 30 10 3 16 28 29 22 23 1 19 16.984
0 7 20 13 18 9 11 12 25 28 27 24 26 4 30 10 29 22 23 1 17 16 3 15 19 31 21 2 6 8 5 14 17.104
0 7 20 13 18 9 11 12 25 21 2 6 8 31 1 23 15 19 28 10 3 16 30 4 26 24 27 22 29 17 5 14 17.1148
0 3 12 16 21 6 25 4 7 20 13 18 9 11 2 8 31 19 15 5 17 27 24 26 30 10 28 29 22 23 1 14 17.218
0 7 20 13 18 9 11 12 25 21 2 6 27 17 5 15 19 31 8 16 28 24 22 3 29 4 23 10 30 26 1 14 17.401
0 31 13 6 11 2 4 5 18 7 20 9 12 25 21 8 19 15 17 27 24 26 30 10 3 16 28 29 22 23 1 14 17.4541
0 7 20 13 18 9 23 14 28 3 30 22 1 29 16 12 25 21 2 6 8 31 19 15 5 17 27 24 26 11 10 4 17.4797
0 23 5 29 3 25 27 28 10 7 20 13 18 9 11 12 21 2 6 8 31 19 15 17 24 26 4 30 16 22 1 14 17.5673
0 8 20 13 2 9 11 12 25 21 18 6 7 31 19 15 5 17 27 24 26 4 30 10 3 16 28 29 22 23 1 14 17.6388
0 7 20 13 17 27 24 26 4 30 10 3 12 25 21 2 5 18 9 11 16 28 29 22 6 8 31 19 15 23 1 14 17.6458
0 5 17 27 24 26 22 3 1 14 23 4 10 29 28 30 7 20 13 18 9 11 12 25 21 2 6 8 31 19 15 16 17.6821
0 7 10 3 16 28 29 12 25 21 2 6 8 31 26 24 27 17 5 15 19 23 22 30 11 9 18 13 20 4 1 14 17.7037
0 7 20 13 18 9 11 12 25 21 2 6 8 16 19 15 5 17 27 24 23 22 29 31 28 30 26 4 10 1 3 14 17.7187
0 7 20 27 3 10 1 23 22 29 28 16 26 5 15 19 31 8 6 2 21 25 12 11 9 18 13 24 17 4 14 30 17.7752
0 17 27 24 26 4 30 10 13 18 9 11 12 25 15 19 8 23 7 20 3 21 2 6 31 5 16 28 29 22 1 14 17.9772
0 13 26 6 24 30 4 17 5 1 22 19 7 20 18 9 11 12 25 21 2 8 31 15 27 10 3 16 28 29 23 14 17.985
0 7 20 13 17 9 18 5 27 11 12 15 19 31 10 25 21 2 6 8 24 26 4 30 3 16 28 29 22 23 1 14 18.0052
0 28 10 3 13 12 19 6 18 8 7 20 9 11 25 21 2 31 15 5 17 27 24 26 4 30 16 29 22 23 1 14 18.0307
0 7 20 13 23 22 29 8 28 18 5 17 27 24 26 4 30 10 31 19 15 9 11 12 25 21 2 6 16 3 1 14 18.2168
0 7 19 15 17 5 27 24 26 4 2 6 8 31 20 13 30 10 11 12 25 21 18 9 3 16 28 29 22 23 1 14 18.3216
0 7 28 20 23 11 9 12 22 13 29 25 21 2 6 8 31 19 15 5 17 27 24 26 4 30 10 3 16 18 1 14 18.349
0 20 19 15 5 17 27 24 26 4 30 10 12 11 6 8 2 3 31 22 7 13 18 9 21 25 16 28 29 23 1 14 18.5578
0 7 20 13 15 19 6 2 21 25 12 11 9 18 27 24 26 4 30 16 3 10 28 31 8 1 23 5 17 29 22 14 18.6062
0 7 4 30 10 3 16 28 29 22 2 6 8 31 19 15 5 17 12 24 26 20 13 18 9 11 27 25 21 23 1 14 18.73
0 7 20 13 18 9 11 12 25 21 15 5 17 27 24 2 6 8 31 19 29 23 4 28 1 30 3 14 16 10 26 22 19.0171
0 5 18 11 21 25 12 9 13 20 7 14 1 8 28 16 2 6 31 19 15 17 27 24 26 10 30 4 3 29 22 23 19.1547
0 2 15 8 13 4 6 7 20 16 28 1 18 9 11 12 25 21 31 19 5 27 17 24 26 30 10 3 29 22 23 14 19.49
0 7 20 13 18 9 3 10 25 21 2 6 23 22 29 28 16 11 12 30 4 26 24 27 17 5 15 19 8 1 31 14 19.5511
0 24 6 30 4 26 28 29 11 7 19 23 20 13 18 9 12 25 21 2 8 31 15 5 17 27 10 3 16 22 1 14 19.6863
0 7 20 17 5 15 19 31 8 26 25 30 10 3 16 4 21 2 27 24 6 13 18 9 11 12 28 29 22 23 1 14 19.8695
0 7 20 1 2 6 8 31 21 25 13 19 15 5 17 27 24 26 4 30 10 16 28 29 22 23 12 9 14 18 11 3 20.1798
0 7 20 13 18 9 11 12 25 21 2 6 8 31 19 15 5 3 16 14 17 29 22 27 24 1 26 23 10 28 4 30 20.5775
0 6 19 12 27 21 11 18 17 30 4 26 24 5 28 16 3 10 14 1 23 22 29 15 31 8 2 25 9 13 20 7 20.6337
0 1 18 9 11 12 25 21 2 15 8 13 4 6 7 20 16 28 3 26 14 31 19 5 17 27 24 30 10 29 22 23 20.7742
0 7 20 13 18 9 11 3 16 27 24 26 4 30 15 14 17 10 12 25 21 2 6 8 31 1 23 19 5 22 29 28 20.7851
0 7 17 27 23 26 24 28 4 22 5 15 19 31 8 6 2 21 25 12 11 9 18 13 20 10 30 1 29 16 3 14 20.7959
0 7 20 13 15 19 31 28 10 3 16 30 4 26 24 27 21 25 12 22 29 23 1 2 17 5 18 9 11 8 6 14 20.9666
0 7 20 13 18 9 11 4 26 24 27 17 5 2 6 31 22 8 30 29 23 1 15 19 28 16 3 10 12 25 21 14 21.2647
0 7 20 13 18 9 11 12 25 21 2 6 8 10 5 16 22 3 28 29 4 14 27 31 17 15 24 19 26 1 30 23 21.3383
0 22 4 28 2 24 26 7 9 18 20 13 11 12 25 21 23 6 8 31 19 27 30 17 15 5 10 3 16 29 1 14 21.38
0 7 15 5 17 2 21 25 12 11 9 26 4 8 28 3 10 30 6 27 24 18 13 20 19 31 23 1 16 29 22 14 21.395
0 7 20 5 18 11 16 28 6 21 25 12 9 4 26 27 17 15 19 31 8 2 24 3 10 30 13 29 22 23 1 14 21.4192
0 20 16 6 19 26 31 7 1 23 15 24 17 27 13 18 9 11 30 4 5 8 2 21 25 12 10 3 28 29 22 14 21.5836
0 6 18 24 30 29 28 4 17 5 15 19 31 8 2 21 25 27 7 20 13 23 22 16 3 10 26 12 9 11 1 14 21.6422
0 7 20 17 13 18 9 11 12 25 21 2 6 8 31 19 15 5 27 24 22 4 28 26 23 3 30 1 10 14 16 29 21.9471
0 20 2 26 16 22 24 25 7 3 15 13 18 9 11 12 21 6 8 19 5 17 27 4 30 10 31 28 29 23 1 14 22.2163
0 7 20 13 18 9 11 12 14 27 29 22 23 1 30 31 6 25 16 19 26 24 17 5 15 4 8 21 2 28 3 10 22.386
0 29 11 16 9 7 20 19 15 5 17 27 31 4 30 10 3 28 22 23 6 8 24 26 13 18 12 25 21 2 1 14 22.4986
0 7 20 13 18 9 11 12 25 21 2 6 24 30 4 26 28 29 19 23 17 5 1 22 3 10 16 27 14 15 8 31 22.5615
0 28 22 6 18 24 30 29 4 17 5 15 19 31 8 2 21 25 27 7 20 13 23 16 3 10 26 12 9 11 1 14 22.647
0 7 20 13 18 9 11 12 21 25 2 6 8 31 19 5 16 10 23 4 29 17 3 15 22 24 28 1 30 26 27 14 22.7192
0 14 1 23 22 29 28 16 3 6 19 12 27 21 11 18 17 5 30 24 7 20 13 9 25 4 26 15 31 8 2 10 22.7969
0 7 28 16 3 10 30 4 26 24 20 5 18 11 2 22 15 13 27 17 19 31 8 6 21 25 12 9 29 23 1 14 23.1136
0 28 22 4 15 23 21 2 24 26 27 9 5 17 3 30 7 20 13 18 11 12 25 6 8 19 31 16 10 29 14 1 23.1318
0 7 20 6 18 9 26 12 25 17 5 15 27 24 11 4 30 10 3 16 21 2 13 8 31 19 28 29 22 23 1 14 23.4579
0 7 20 22 26 28 4 16 24 30 2 6 8 31 19 15 5 27 29 1 14 10 13 18 9 11 12 25 21 23 17 3 23.5118
0 30 27 26 14 1 28 24 22 15 3 17 29 4 19 23 10 16 5 31 8 6 2 21 25 12 11 9 18 13 20 7 23.6034
0 7 20 13 18 9 11 12 25 21 16 29 19 27 1 31 6 22 2 30 8 3 15 5 17 24 26 4 10 28 23 14 23.6277
0 19 1 25 7 20 13 18 9 11 31 8 6 2 3 16 28 29 22 23 15 12 21 10 30 5 27 17 4 24 26 14 23.8543
0 17 30 23 28 19 21 22 4 31 12 16 18 7 20 3 10 26 24 27 5 15 8 6 2 25 11 9 13 29 1 14 24.0437
0 17 27 23 28 19 21 22 4 31 12 16 18 7 20 3 10 26 24 30 5 15 8 6 2 25 11 9 13 29 1 14 24.2557
0 7 20 13 18 9 11 12 27 17 5 15 19 31 10 6 2 21 25 22 4 28 24 26 23 8 29 3 16 14 30 1 24.2684
0 7 9 11 12 25 4 28 1 30 3 27 14 16 21 2 6 8 31 19 29 23 26 10 22 24 17 5 15 20 18 13 24.5321
0 2 15 8 3 28 16 29 10 5 17 27 24 26 30 22 31 19 13 4 6 7 20 1 18 9 11 12 25 21 23 14 24.5326
0 5 18 11 16 7 9 10 23 19 31 4 6 29 20 13 12 25 21 2 8 15 17 27 24 26 30 3 28 22 1 14 24.8775
0 7 20 13 18 9 11 12 25 23 14 16 17 30 26 5 24 22 10 1 29 4 31 8 15 21 2 3 27 28 6 19 25.2178
0 7 20 13 18 9 11 12 25 21 2 26 31 22 24 3 15 19 1 28 30 6 8 17 23 16 29 10 4 5 14 27 26.2938
0 27 17 5 15 19 31 8 6 2 21 25 18 20 16 28 24 22 3 13 29 4 23 10 9 7 26 30 11 12 1 14 26.3127
0 20 17 27 24 26 3 30 16 1 4 14 11 9 18 13 7 5 15 19 31 28 6 2 21 25 12 29 23 22 8 10 26.5516
0 30 12 5 10 1 3 4 17 13 25 7 20 18 9 11 21 2 6 8 29 19 15 27 24 26 16 28 31 22 23 14 26.9712
0 27 17 5 15 19 31 8 6 2 21 25 12 30 23 28 22 4 16 18 10 29 3 1 11 9 26 7 14 20 24 13 27.2064
0 7 20 13 18 9 11 12 25 31 6 2 4 5 14 22 30 1 24 26 8 29 10 17 19 28 23 3 27 21 15 16 27.3779
0 7 20 13 18 9 11 12 25 21 2 6 8 17 30 23 28 19 22 4 31 16 10 29 15 27 3 5 14 26 1 24 27.8683
0 19 1 25 30 21 23 24 6 2 14 18 20 12 31 5 17 27 7 13 9 11 8 15 26 4 10 3 16 28 29 22 28.2103
0 7 20 25 6 14 12 8 28 4 3 22 2 24 19 26 13 21 11 23 18 9 31 15 5 17 27 30 10 16 29 1 28.2413
0 6 18 28 22 4 15 23 21 2 24 26 27 9 5 17 3 30 20 7 13 11 25 8 31 19 12 10 16 29 1 14 28.2593
0 7 20 13 18 9 11 12 22 24 10 25 15 1 14 2 6 8 31 19 4 29 21 26 5 3 30 28 23 16 17 27 28.2641
0 31 10 6 11 2 4 5 18 14 22 30 1 24 26 12 8 29 13 7 20 9 25 21 19 15 17 27 3 16 28 23 28.3184
0 7 20 13 18 9 11 12 25 28 22 4 15 23 21 2 24 26 27 5 3 30 1 8 10 19 14 17 31 6 16 29 28.731
0 1 14 7 12 3 5 6 19 15 27 31 2 25 13 9 30 11 21 18 20 29 24 4 28 10 22 23 16 17 26 8 28.8945
0 1 14 7 12 3 5 6 19 15 27 31 2 25 13 9 30 11 21 18 20 29 24 4 28 10 22 23 16 17 26 8 28.8945
0 17 30 23 8 6 2 25 11 9 7 20 13 24 26 10 28 19 21 22 4 31 12 16 18 27 5 15 3 29 1 14 28.9351
0 5 18 11 16 7 9 10 26 30 3 28 22 1 17 20 13 12 21 25 2 8 15 27 24 23 19 31 4 6 29 14 29.2579
0 20 1 26 31 22 24 25 7 3 15 19 21 13 2 9 11 14 27 23 18 12 6 8 5 17 4 30 10 16 28 29 29.7021
0 3 16 9 14 5 7 8 21 17 29 2 22 27 18 20 11 13 12 25 6 31 19 15 24 26 4 30 10 28 23 1 29.7944
0 7 20 13 18 9 1 14 12 2 6 8 31 19 15 11 22 24 10 25 16 29 17 4 3 26 23 30 28 21 27 5 29.7993
0 7 20 13 18 9 11 12 25 23 5 29 3 27 28 10 6 22 24 16 4 31 21 2 15 26 19 1 14 8 17 30 29.8834
0 7 20 13 18 23 5 17 8 14 1 29 3 25 27 28 10 6 22 24 16 4 31 12 9 21 2 11 15 26 19 30 29.9484
0 12 25 18 23 14 16 17 30 26 10 11 13 5 24 20 7 22 1 29 31 9 4 15 8 21 2 6 19 3 27 28 30.0258
0 7 20 13 18 9 11 12 25 21 28 10 3 19 6 8 30 1 2 15 23 27 26 5 29 17 14 16 31 24 22 4 30.2543
0 14 27 1 7 11 30 9 13 25 2 31 15 19 6 5 3 12 21 18 20 29 24 4 28 10 22 23 16 17 26 8 30.7089
0 7 28 29 27 14 16 9 15 5 26 4 30 25 17 12 23 22 24 20 13 18 8 3 11 19 31 6 2 21 10 1 30.7502
0 7 20 13 18 9 11 12 25 21 2 30 5 10 1 3 4 17 29 31 23 28 19 16 27 22 26 8 14 15 24 6 30.9318
0 7 20 17 27 13 18 9 11 30 4 26 16 6 19 31 1 23 15 24 14 2 12 25 22 8 21 10 5 28 3 29 31.0758
0 15 27 6 3 17 30 23 28 19 21 22 4 31 12 29 11 9 2 16 7 20 13 18 25 8 5 24 26 10 1 14 31.339
0 15 3 17 29 6 4 31 19 23 10 27 26 14 1 8 28 16 5 25 12 11 9 18 13 20 7 22 24 2 21 30 31.6343
0 7 20 13 18 9 11 12 3 16 21 6 25 4 8 28 26 22 17 5 23 30 19 24 15 10 14 1 31 29 2 27 32.4739
0 16 29 19 27 18 20 21 25 1 31 13 6 22 2 7 30 8 3 11 9 12 15 5 17 24 26 4 10 28 23 14 32.6274
0 13 26 19 24 15 17 18 31 4 3 22 9 16 5 10 23 11 21 25 6 14 12 8 27 2 30 1 28 29 7 20 32.6877
0 12 25 18 23 14 16 17 26 30 10 11 13 5 24 20 7 22 1 29 31 9 4 15 8 21 2 3 27 28 19 6 33.0738
0 5 23 19 31 4 15 25 22 24 2 10 20 13 12 16 7 9 28 8 18 11 21 6 17 27 26 30 3 29 1 14 33.1728
0 22 15 11 8 10 19 14 25 18 31 12 13 20 1 30 6 3 17 5 24 26 4 16 28 29 23 7 27 2 21 9 33.261
0 12 25 18 23 14 16 17 30 26 7 11 13 5 24 20 10 22 1 29 31 9 4 15 8 21 2 19 6 28 3 27 33.5354
0 14 27 17 6 11 2 31 3 7 21 8 24 26 30 29 22 20 25 16 18 19 12 28 9 13 15 5 4 23 10 1 33.6371
0 5 18 11 16 7 9 10 23 19 15 20 12 25 21 2 3 31 4 6 29 17 13 8 27 24 26 30 28 22 1 14 34.0292
0 5 18 11 16 7 9 10 23 19 15 20 12 25 21 2 3 31 4 6 29 17 13 8 27 24 26 30 28 22 1 14 34.0292
0 13 26 19 24 15 17 18 31 27 8 12 14 6 25 21 11 23 2 30 1 10 5 16 3 7 9 22 29 28 4 20 34.4298
0 22 7 13 14 30 17 1 19 26 15 20 11 9 16 23 27 6 3 5 24 18 31 8 25 21 2 10 12 4 28 29 35.2459
0 6 25 12 7 9 28 24 14 26 5 2 4 13 17 15 11 30 3 21 20 18 27 22 29 16 8 31 19 10 23 1 35.5349
0 23 5 29 3 25 27 28 10 6 18 22 24 16 4 31 21 2 12 9 11 20 15 26 19 1 13 14 7 8 17 30 35.5589
0 23 5 29 3 25 27 28 10 6 18 22 24 16 4 31 21 2 12 9 11 20 15 26 19 1 13 14 7 8 17 30 35.5589
0 12 25 18 23 14 16 17 30 26 7 11 13 5 24 20 10 22 1 29 31 9 4 15 8 21 2 3 27 28 6 19 35.5875
0 12 25 18 23 14 16 17 30 26 7 11 13 5 24 20 10 22 1 29 31 9 4 15 8 21 2 3 27 28 6 19 35.5875
0 12 25 18 23 14 16 17 30 26 7 11 13 5 24 20 10 22 1 29 4 8 15 9 31 21 2 3 27 28 6 19 35.8415
0 12 25 18 23 14 16 17 30 7 26 11 13 5 24 20 10 22 1 29 31 9 4 15 8 21 2 3 27 19 6 28 35.8439
0 6 24 13 26 19 15 17 18 31 4 3 22 9 16 5 10 23 11 21 25 14 12 8 27 2 30 1 28 29 7 20 35.8569
0 22 15 11 8 10 19 14 25 18 31 12 13 20 1 30 6 3 17 5 24 26 4 16 28 29 23 21 27 2 7 9 35.9093
0 26 8 1 23 28 30 31 13 9 21 25 6 27 19 7 3 24 5 15 12 14 18 29 22 4 16 11 10 17 20 2 36.3843
0 26 8 9 6 28 13 19 24 15 27 31 18 17 12 14 25 21 11 23 2 30 10 5 16 1 22 3 4 29 7 20 36.3969
0 12 25 18 23 14 16 17 30 26 7 11 13 5 24 20 10 22 1 29 31 9 4 15 8 21 2 3 27 6 28 19 36.424
0 29 10 6 25 15 13 22 17 28 24 12 16 3 2 31 9 4 11 23 19 7 30 26 27 5 8 21 18 20 1 14 36.5849
0 21 3 27 1 23 25 26 8 4 16 20 22 14 2 29 19 31 10 7 9 18 13 24 17 30 11 12 5 6 15 28 36.6675
0 7 20 13 19 17 27 31 12 18 14 2 6 24 23 21 30 25 1 29 8 5 16 11 22 15 28 9 26 4 10 3 36.7381
0 21 5 12 11 30 17 24 13 18 9 7 10 31 19 29 2 14 22 20 16 4 8 26 25 23 1 27 3 6 15 28 36.8439
0 23 5 29 3 25 27 28 10 6 18 11 20 15 26 19 22 24 16 4 31 8 17 12 9 1 7 14 13 21 2 30 36.8835
0 18 2 9 8 27 14 21 31 24 29 20 22 23 5 1 13 17 19 11 30 26 16 3 7 4 6 15 10 28 12 25 37.5257
0 22 4 28 2 24 26 27 9 5 17 21 23 15 3 30 13 1 11 8 10 19 14 25 7 20 18 12 6 31 16 29 37.5982
0 17 5 19 2 1 4 6 30 23 14 26 3 18 9 22 15 20 11 13 7 16 28 29 31 8 10 25 27 21 12 24 37.6853
0 30 24 5 31 6 9 11 18 7 12 3 1 4 25 13 23 27 8 16 14 10 29 2 20 19 17 26 21 28 15 22 37.7535
0 21 3 27 1 6 25 26 8 13 19 24 15 17 18 31 12 14 11 23 2 30 10 7 20 9 5 4 16 28 29 22 38.0064
0 27 17 2 7 29 31 1 14 10 22 26 28 20 8 4 25 6 16 13 15 24 19 30 23 5 9 18 11 12 21 3 38.0471
0 7 20 28 10 3 9 5 26 17 14 8 30 1 2 15 11 23 22 4 12 21 18 6 24 31 25 16 19 29 27 13 38.6776
0 26 8 1 6 28 30 31 13 9 21 25 27 19 7 3 24 5 15 12 14 23 18 29 22 4 16 17 10 11 20 2 38.8404
0 2 11 24 17 22 13 15 16 29 25 6 10 12 4 23 19 9 21 31 28 30 8 3 14 7 20 1 26 27 5 18 38.8725
0 2 11 24 17 22 13 15 16 29 25 6 10 12 4 23 19 9 21 31 28 30 8 3 14 7 20 1 26 27 5 18 38.8725
0 11 24 17 22 13 15 16 29 25 6 10 12 4 23 27 26 2 1 20 7 14 3 8 30 28 31 21 9 19 5 18 38.949
0 21 3 27 1 23 25 26 8 4 16 20 22 14 2 29 19 31 9 7 10 28 6 13 15 24 30 5 17 18 11 12 39.0538
0 22 4 28 2 24 26 27 9 5 17 21 23 15 3 30 20 25 1 11 8 10 6 19 14 18 7 13 12 31 16 29 39.097
0 27 9 2 7 29 31 1 14 10 22 26 28 20 8 4 25 6 16 13 15 24 19 30 23 5 17 18 11 12 21 3 39.3386
0 27 9 2 7 29 31 1 14 10 22 26 28 20 8 4 25 6 16 13 15 24 19 30 23 5 17 18 11 12 21 3 39.3386
0 29 11 4 7 20 10 18 9 12 31 2 3 16 24 28 30 22 6 27 8 15 17 26 21 1 25 19 13 14 23 5 39.3518
0 18 31 24 29 20 22 23 5 1 13 17 19 11 30 26 16 28 7 4 6 15 10 21 14 27 8 9 2 3 12 25 39.3782
0 18 31 24 29 20 22 23 5 1 13 17 19 11 30 26 16 28 7 4 6 15 10 21 14 27 8 9 2 3 12 25 39.3782
0 15 28 21 26 17 19 12 7 18 11 24 5 6 30 31 9 25 27 23 13 1 3 4 20 2 29 10 14 22 8 16 39.4847
0 26 8 1 6 28 30 31 13 9 21 2 11 20 18 14 12 15 5 22 4 16 17 10 24 3 7 19 27 23 25 29 39.5518
0 20 2 26 31 22 24 25 7 3 15 19 21 13 1 28 18 30 9 6 8 17 12 23 16 29 10 11 4 5 14 27 39.5564
0 11 24 17 22 13 15 16 29 25 6 10 12 4 23 19 9 21 31 28 30 8 3 14 7 20 1 2 26 27 5 18 39.6203
0 11 24 17 22 13 15 16 29 25 6 10 12 4 23 19 9 21 31 28 30 8 3 14 7 20 1 2 26 27 5 18 39.6203
0 10 23 16 21 12 14 15 28 24 5 9 11 3 22 18 8 20 30 27 29 7 2 13 6 19 31 1 25 17 4 26 39.7531
0 31 13 6 11 2 4 5 18 14 26 30 1 24 12 8 29 10 20 17 19 28 23 3 27 9 21 7 25 15 16 22 39.7731
0 31 13 6 16 15 22 12 25 18 23 14 17 30 26 7 11 5 24 20 10 1 29 9 4 8 21 2 19 28 3 27 39.9114
0 26 8 1 6 23 30 31 28 13 9 21 25 27 19 7 3 24 5 15 12 14 18 29 22 4 16 17 10 11 20 2 39.9692
0 10 23 16 21 12 14 15 28 24 5 9 11 3 22 18 8 20 31 19 6 13 2 7 29 27 30 1 25 26 4 17 39.9731
0 11 24 17 22 13 15 16 29 25 6 10 12 4 23 19 9 21 31 28 30 8 3 14 7 20 1 2 26 5 27 18 40.1236
0 7 5 22 4 16 17 10 24 3 19 27 23 25 21 9 31 30 28 6 1 8 26 18 13 20 15 12 14 29 11 2 40.1596
0 31 13 10 20 17 19 28 23 3 27 9 21 22 15 16 29 6 11 2 4 5 18 14 26 30 1 24 12 8 25 7 40.1888
0 10 23 16 21 12 14 15 28 24 5 9 11 3 22 18 8 20 30 27 29 7 2 13 6 19 31 1 25 26 4 17 40.1969
0 31 13 6 11 2 4 5 18 28 23 3 27 9 21 22 15 16 25 17 19 14 26 30 1 24 12 8 29 10 20 7 40.2817
0 20 2 26 31 22 24 25 7 3 15 19 21 13 1 9 11 14 27 23 4 8 10 17 29 28 6 12 5 18 30 16 40.4423
0 24 20 10 29 31 9 4 15 8 21 2 3 27 28 1 12 25 18 23 14 16 6 22 17 30 26 7 11 5 13 19 40.4775
0 20 16 6 19 26 31 7 1 23 15 24 14 2 12 3 30 18 22 9 8 21 4 17 10 5 28 27 13 25 29 11 40.5112
0 19 1 25 9 3 24 31 30 18 5 12 6 14 27 20 11 17 22 13 15 16 29 10 4 26 28 7 23 21 2 8 40.7861
0 15 22 9 20 11 13 14 27 23 1 26 6 12 5 18 30 2 21 17 7 19 29 28 16 31 24 25 3 4 8 10 41.0863
0 15 6 4 7 28 16 26 30 11 19 17 13 1 5 23 18 31 24 29 20 22 10 21 14 27 8 9 2 3 12 25 41.1657
0 19 1 25 30 21 23 7 20 13 22 29 28 6 15 14 2 27 16 12 10 3 5 17 26 11 4 24 18 8 9 31 41.3462
0 27 9 2 7 29 31 1 14 10 22 26 28 20 8 4 25 6 16 13 15 24 19 30 11 23 5 17 18 12 21 3 41.3479
0 22 4 28 2 1 6 24 26 27 9 5 17 21 23 15 11 8 10 19 14 25 18 31 12 13 3 30 20 7 16 29 41.365
0 31 13 6 11 2 4 5 18 14 26 30 1 24 12 8 29 10 20 17 27 16 15 22 21 9 3 23 28 19 25 7 41.3787
0 21 3 27 1 6 25 26 8 13 19 24 15 17 18 31 12 14 11 23 2 30 10 5 16 9 22 4 28 29 7 20 41.4208
0 23 5 29 3 15 26 19 1 13 14 7 25 27 11 24 17 22 16 6 10 12 4 9 21 31 28 30 8 20 2 18 41.4216
0 9 22 15 20 11 13 14 27 23 4 8 10 2 21 29 19 7 17 26 28 6 1 12 18 25 31 5 24 30 3 16 41.4849
0 15 28 21 26 17 19 20 2 29 10 14 16 8 27 23 13 25 4 1 3 12 7 18 11 24 5 6 30 31 9 22 41.6511
0 15 28 21 26 17 19 20 2 29 10 14 16 8 27 23 13 25 4 1 3 12 7 18 11 24 5 6 30 31 9 22 41.6511
0 3 16 15 11 1 13 23 27 31 26 6 30 12 24 25 18 19 2 4 20 22 9 14 5 7 8 21 17 29 28 10 41.8156
0 19 1 25 30 21 23 24 6 2 14 18 20 31 27 17 29 8 13 26 15 12 11 10 5 16 9 22 3 4 28 7 41.8363
0 31 13 6 11 2 4 5 18 14 26 30 1 24 12 8 29 10 20 17 19 28 23 3 27 9 21 22 15 16 25 7 41.9579
0 8 21 14 19 10 12 25 13 26 22 3 7 9 1 20 16 6 18 28 27 5 31 11 4 17 29 30 23 24 2 15 41.9921
0 18 31 24 29 20 22 23 5 1 13 17 19 11 30 26 28 7 4 6 16 15 10 21 14 27 8 9 2 3 12 25 42.0793
0 3 16 9 14 5 7 8 21 17 29 2 4 27 15 11 1 13 23 20 22 31 26 6 30 12 24 25 18 19 28 10 42.113
0 3 16 9 14 5 7 8 21 17 29 2 4 27 15 11 1 13 23 20 22 31 26 6 30 12 24 25 18 19 28 10 42.113
0 7 20 19 15 28 11 16 9 31 2 21 26 17 18 8 27 6 10 22 30 29 4 3 12 24 1 25 23 14 13 5 42.1476
0 24 6 30 4 26 28 29 11 7 19 23 25 17 5 1 22 3 13 10 12 21 16 27 20 2 14 15 8 9 18 31 42.1603
0 24 6 30 4 26 28 29 11 7 19 23 25 17 5 1 22 3 13 10 12 21 16 27 20 2 14 15 8 9 18 31 42.1603
0 24 6 30 4 26 28 29 11 7 19 23 25 17 5 1 22 3 13 10 12 21 16 27 20 2 14 15 8 9 18 31 42.1603
0 24 6 30 4 26 28 29 11 7 19 23 25 17 5 1 22 3 13 10 12 21 16 27 20 2 14 15 8 9 18 31 42.1603
0 24 6 30 4 26 28 29 11 7 19 23 25 17 5 1 22 3 13 10 12 21 16 27 20 2 14 15 8 9 18 31 42.1603
0 4 17 10 15 6 8 9 22 18 30 3 5 28 16 12 2 14 24 21 23 1 27 7 31 29 20 19 26 25 13 11 42.2233
0 4 18 11 8 15 14 2 20 27 16 21 12 10 13 3 22 1 5 17 25 23 19 7 9 29 28 26 30 6 24 31 42.2541
0 17 30 23 28 19 21 22 4 31 12 16 18 10 29 25 15 27 6 3 5 14 9 20 13 26 7 24 11 8 2 1 42.2922
0 24 6 30 4 26 28 29 11 7 19 23 25 17 5 18 16 8 1 14 27 20 9 10 31 13 3 15 22 2 21 12 42.3548
0 28 10 3 13 12 19 6 18 8 30 1 2 15 11 23 27 26 14 9 21 29 7 17 5 16 25 20 31 24 22 4 42.3575
0 4 17 10 15 6 8 9 22 18 30 3 5 28 16 12 2 14 24 21 23 19 26 25 13 29 20 1 27 7 31 11 42.433
0 28 10 3 8 17 14 16 25 20 31 24 6 18 19 5 26 7 30 1 2 15 11 23 27 29 21 9 12 13 22 4 42.5476
0 2 15 8 13 4 12 31 10 14 26 3 1 28 16 20 7 6 22 19 21 29 11 23 30 25 17 24 5 18 27 9 42.5791
0 24 6 30 4 26 10 12 21 16 27 20 2 14 15 8 22 3 13 28 29 11 7 19 23 25 17 5 1 9 18 31 42.7259
0 17 30 23 28 19 21 22 4 31 12 16 18 10 29 25 15 27 6 9 14 5 3 20 13 26 7 11 2 8 1 24 42.7439
0 26 8 1 6 23 30 31 28 13 9 21 25 27 19 7 14 20 16 18 15 22 12 24 3 2 11 17 10 4 29 5 42.7794
0 25 7 31 5 27 29 30 12 8 20 24 16 22 18 21 3 2 26 10 1 11 15 17 9 28 14 4 13 19 6 23 42.7912
0 2 15 8 13 4 6 7 20 16 28 1 3 26 14 10 31 12 22 19 21 30 25 5 29 11 23 24 17 18 27 9 43.0341
0 2 15 8 13 4 6 7 20 16 28 1 3 26 14 10 31 12 22 19 21 30 25 5 29 11 23 24 17 18 27 9 43.0341
0 2 15 8 13 4 6 7 20 16 28 1 3 26 14 10 31 12 22 19 21 30 25 5 29 11 23 24 17 18 27 9 43.0341
0 8 21 14 19 10 12 13 26 22 3 7 9 1 20 29 17 4 16 11 31 5 27 25 28 18 6 30 23 24 2 15 43.0684
0 7 19 1 25 16 11 22 28 15 5 9 3 20 12 31 27 10 29 30 21 23 24 6 2 14 18 17 13 8 26 4 43.1657
0 4 17 10 15 6 8 9 22 18 30 3 5 28 16 12 2 14 24 21 23 1 27 7 31 13 25 26 19 20 29 11 43.2254
0 4 17 10 15 6 8 9 22 18 30 3 5 28 16 12 2 14 24 21 23 1 27 7 31 13 25 26 19 20 29 11 43.2254
0 14 27 20 25 16 18 19 1 28 9 13 15 7 26 22 12 24 3 31 2 11 6 17 10 23 4 5 29 30 8 21 43.3257
0 2 15 8 13 4 6 23 11 29 5 25 30 16 7 20 28 1 3 26 14 10 31 12 22 19 21 24 17 18 27 9 43.5017
0 14 18 11 15 25 5 16 7 9 10 23 19 31 4 6 29 17 13 3 22 24 2 28 8 1 26 27 20 21 30 12 43.5558
0 5 2 28 8 1 14 26 20 21 27 17 29 30 12 10 3 4 13 25 31 23 22 18 16 11 7 9 19 24 6 15 43.573
0 8 21 14 19 10 12 13 26 22 3 7 9 1 20 16 6 18 28 25 27 5 31 11 4 17 29 30 23 24 2 15 43.8923
0 8 21 14 19 10 12 13 26 22 3 7 9 1 20 16 6 18 28 25 27 5 31 11 4 17 29 30 23 24 2 15 43.8923
0 8 21 14 19 10 12 13 26 22 3 7 9 1 20 16 6 18 28 25 27 5 31 11 4 17 29 30 23 24 2 15 43.8923
0 31 13 6 11 2 4 5 18 10 20 17 19 28 23 26 14 29 8 12 24 1 30 3 27 9 21 22 15 16 25 7 44.0067
0 2 15 8 13 4 6 7 20 16 28 23 17 30 10 18 19 21 22 31 29 25 27 3 5 14 9 12 26 1 11 24 44.028
0 28 10 3 8 30 1 2 15 7 11 23 27 29 19 12 13 26 21 9 5 17 14 16 25 20 31 24 6 18 22 4 44.0688
0 29 11 4 9 31 2 3 16 12 24 28 30 22 10 6 27 8 18 15 17 26 21 1 25 7 19 20 13 14 23 5 44.0756
0 29 11 4 9 31 2 3 16 12 24 28 30 22 10 6 27 8 18 15 17 26 21 1 25 7 19 20 13 14 23 5 44.0756
0 17 30 23 28 19 21 22 4 31 12 9 20 16 18 10 29 25 15 27 6 3 5 14 13 26 7 8 1 2 11 24 44.1828
0 17 30 23 28 19 21 22 4 31 12 9 20 16 18 10 29 25 15 27 6 3 5 14 13 26 7 8 1 2 11 24 44.1828
0 16 29 22 27 18 20 21 3 30 11 15 17 9 28 24 14 26 12 4 31 2 10 6 8 1 25 7 19 13 23 5 44.2874
0 8 21 14 19 10 12 13 26 22 3 7 24 23 30 29 17 4 11 31 5 27 25 28 18 6 16 20 1 9 2 15 44.4303
0 25 7 31 5 17 28 21 3 15 16 9 27 29 30 12 8 20 24 26 18 6 2 23 4 14 11 13 22 10 19 1 44.493
0 14 27 20 25 16 18 19 1 28 9 13 15 7 26 22 8 6 23 30 31 21 3 24 5 12 29 4 17 10 11 2 44.6904
0 30 12 5 10 1 3 4 17 13 9 29 31 23 11 7 28 24 6 26 19 25 22 21 16 27 20 2 14 15 8 18 44.9284
0 14 27 20 25 16 18 19 1 28 9 13 24 12 22 26 7 15 3 31 2 11 6 17 10 23 4 5 8 29 21 30 44.93
0 5 18 11 16 7 9 10 23 19 31 4 6 29 17 13 3 15 25 22 14 30 24 12 1 26 28 2 21 20 27 8 45.1243
0 28 9 19 16 18 27 22 2 26 8 24 15 20 21 14 30 12 5 10 1 3 4 17 13 23 11 31 25 29 7 6 45.4841
0 8 21 14 19 10 12 7 9 2 24 23 30 22 26 15 13 27 28 18 6 16 20 1 29 17 4 11 5 25 3 31 45.6614
0 25 7 31 5 27 29 30 12 8 20 24 26 18 6 2 23 4 14 11 13 22 17 28 21 3 15 16 9 10 19 1 45.6999
0 19 1 25 30 21 23 24 6 2 14 18 20 12 31 27 17 29 8 5 7 16 11 22 15 28 9 10 3 4 13 26 45.8794
0 19 1 25 30 21 23 24 6 2 14 18 20 12 31 27 17 29 8 5 7 16 11 22 15 28 9 10 3 4 13 26 45.8794
0 9 22 15 20 11 13 14 27 23 4 8 10 2 21 17 7 19 29 26 28 6 1 12 5 18 30 31 24 25 3 16 46.0621
0 28 10 3 8 30 1 2 15 11 7 17 14 16 9 5 23 27 29 21 26 25 20 31 24 6 18 19 12 13 22 4 46.0778
0 5 19 23 10 7 9 16 18 11 31 4 6 29 17 13 3 15 25 22 24 2 28 8 1 14 26 27 20 21 30 12 46.1763
0 9 22 15 20 11 12 1 6 28 26 29 19 7 17 21 2 10 8 4 23 27 13 14 5 18 30 31 24 25 3 16 46.3407
0 6 19 12 17 8 10 11 24 20 1 5 7 30 18 14 4 16 26 23 25 3 29 9 2 15 27 28 21 22 31 13 46.3683
0 6 19 12 17 8 10 11 24 20 1 5 7 30 18 14 4 16 26 23 25 3 29 9 2 15 27 28 21 22 31 13 46.3683
0 25 7 31 10 9 16 15 3 21 28 17 22 13 11 14 4 23 2 6 18 26 24 20 8 5 27 29 30 12 19 1 46.5518
0 25 7 31 10 9 16 15 3 21 28 17 22 13 11 14 4 23 2 6 18 26 24 20 8 5 27 29 30 12 19 1 46.5518
0 5 18 11 16 21 20 27 26 14 1 8 28 7 9 10 23 19 31 4 6 29 17 13 3 15 25 22 24 2 30 12 46.6741
0 5 18 11 16 7 9 10 23 19 31 4 6 29 17 13 3 15 25 22 24 2 28 8 1 14 26 27 20 21 30 12 46.8885
0 30 12 5 10 9 19 16 18 27 22 2 26 8 20 21 14 1 3 4 17 13 25 28 31 23 11 7 29 15 24 6 46.8949
0 25 7 31 5 27 29 30 12 8 20 24 18 26 6 2 23 4 14 11 13 22 17 28 21 3 15 16 9 10 19 1 47.2467
0 4 23 2 14 11 13 22 17 25 7 31 5 27 29 30 12 8 20 24 26 18 6 28 21 3 15 16 9 10 19 1 47.453
0 30 12 5 10 1 3 4 17 13 25 28 31 23 11 7 29 9 19 16 18 27 22 2 26 8 20 21 14 15 24 6 47.9917
0 28 9 19 16 18 27 22 2 26 8 20 21 14 15 30 12 5 10 1 3 4 17 13 25 29 31 23 11 7 24 6 48.2655
0 30 12 5 10 1 3 4 17 13 25 18 27 22 2 26 29 31 23 11 7 28 9 19 16 8 20 21 14 15 24 6 48.3693
0 21 17 7 19 29 26 28 6 1 12 5 18 30 9 22 15 20 11 13 14 27 23 4 8 10 2 31 24 25 3 16 48.6138
0 4 17 10 15 6 8 9 22 18 30 3 5 28 12 16 23 11 29 19 20 26 25 13 31 7 27 1 21 24 14 2 49.2822
