31.1744
29.313
27.7531
26.0324
24.1779
22.6247
21.1591
20.0906
19.1094
18.4116
17.6109
16.9871
16.4044
15.8567
15.6408
15.2366
14.811
14.5204
14.2364
14.0298
13.7948
13.6232
13.4915
13.076
12.569
12.1164
11.718
11.4629
11.3259
11.136
11.2615
11.0588
11.1931
10.9656
10.8644
10.8433
10.7745
10.7055
10.7478
10.843
10.7677
10.7123
10.5973
10.588
10.448
10.4992
10.5162
10.5439
10.5355
10.5311
10.6211
10.7051
10.8166
10.7953
10.7914
10.6377
10.5956
10.7234
10.7748
10.7236
10.7174
10.8737
10.946
10.8876
10.9046
10.9145
10.9347
10.9913
10.8347
10.7076
10.7289
10.7597
10.6076
10.5041
10.4577
10.3765
10.3179
10.4392
10.4201
10.3559
10.3791
10.4463
10.5378
10.4648
10.4296
10.5221
10.4843
10.5082
10.4414
10.4712
10.3475
10.2435
10.2863
10.2569
10.4047
10.4663
10.3509
10.3457
10.3637
10.3352
10.3161
10.3387
10.2824
10.3352
10.2945
10.2054
10.1496
10.1628
10.1674
10.2972
10.1193
10.1746
10.1726
10.1847
10.1959
10.0863
10.1711
10.2535
10.3795
10.4603
10.2589
10.3238
10.3895
10.2976
10.3754
10.356
10.5785
10.5316
10.4211
10.4281
10.4312
10.4493
10.3771
10.3434
10.4618
10.4125
10.4505
10.4258
10.4686
10.3904
10.3142
10.4461
10.4102
10.3577
10.3065
10.0473
10.1046
10.1521
10.169
10.3213
10.2887
10.3446
10.3041
10.3981
10.3342
10.39
10.4603
10.3881
10.3034
10.3508
10.3217
10.3105
10.4654
10.5526
10.5008
10.5978
10.5143
10.1862
10.2776
10.4079
10.3881
10.355
10.4842
10.4957
10.2998
10.3816
10.4151
10.4502
10.3837
10.3423
10.3396
10.4185
10.3501
10.2009
10.1926
10.187
10.1834
10.2233
10.3127
10.3603
10.2329
10.1371
10.1188
10.2306
10.2689
10.2357
10.1914
10.2709
10.1385
10.0917
