22.6274
20.9462
19.5622
19.4794
18.4667
16.9279
15.6481
15.6076
15.2201
14.7923
14.699
14.3037
14.3037
13.3375
13.0334
12.6933
12.6909
12.0586
11.998
11.5511
11.123
10.3373
10.3282
10.3282
10.3035
10.2732
10.2486
10.2486
10.0312
10.0312
9.91909
9.89125
9.77917
9.77917
9.75632
9.75632
9.75632
9.68771
9.68771
9.68771
9.68771
9.68771
9.68771
9.68771
9.68771
9.68771
9.68771
9.68771
9.68771
9.68771
9.68771
9.68771
9.68771
9.68771
9.68771
9.68771
9.68771
9.68771
9.68771
9.68771
9.61093
9.61093
9.61093
9.61093
9.61093
9.61093
9.61093
9.61093
9.61093
9.61093
9.35427
9.35427
9.35427
9.35427
9.35427
9.35427
9.35427
9.35427
9.35427
9.35427
9.35427
9.35427
9.35427
9.35427
9.35427
9.35427
9.35427
9.35427
9.35427
9.35427
9.35427
9.35427
9.35427
9.35427
9.35427
9.35427
9.35427
9.35427
9.35427
9.35427
9.35427
9.35427
9.35427
9.35427
9.35427
9.35427
9.35427
9.35427
9.35427
9.35427
9.35427
9.35427
9.35427
9.35427
9.35427
9.35427
9.35427
9.35427
9.35427
9.35427
9.35427
9.35427
9.35427
9.35427
9.35427
9.35427
9.35427
9.35427
9.35427
9.35427
9.35427
9.35427
9.35427
9.35427
9.35427
9.35427
9.35427
9.35427
9.35427
9.35427
9.35427
9.35427
9.35427
9.35427
9.35427
9.35427
9.35427
9.35427
9.35427
9.35427
9.35427
9.35427
9.35427
9.35427
9.35427
9.35427
9.35427
9.35427
9.35427
9.35427
9.35427
9.35427
9.35427
9.35427
9.35427
9.35427
9.35427
9.35427
9.35427
9.35427
9.35427
9.35427
9.35427
9.35427
9.35427
9.35427
9.35427
9.35427
9.35427
9.35427
9.27331
9.27331
9.27331
9.27331
9.27331
9.27331
9.27331
9.27331
9.27331
9.27331
9.27331
9.27331
9.27331
9.27331
9.27331
9.27331
9.27331
9.27331
9.27331
9.27331
