-0.139922   -0.457133   -0.352323
-0.0929131   -0.214635   0.05008
0.474775   0.401422   0.0986122
0.428413   0.313134   -0.0747589
-0.15584   -0.330249   0.312014
0.47622   -0.293305   -0.400126
0.14044   -0.222258   -0.00897655
-0.450632   0.466114   0.35625
-0.0964786   -0.00934255   -0.0702303
-0.0256485   -0.0819798   -0.388522
0.138632   0.0635263   0.378686
0.0882351   -0.260019   -0.35131
-0.178808   -0.330671   0.232948
-0.100669   0.169977   -0.10624
0.161442   -0.319577   -0.497705
0.351513   0.220512   -0.338887
0.338345   -0.254348   0.172989
0.226824   0.466824   -0.440976
0.0416219   -0.0536131   -0.201063
0.462355   -0.0397283   -0.027359
0.0899295   -0.00780144   -0.11248
-0.0668324   -0.00312777   -0.208813
-0.353084   -0.323944   -0.0254788
0.310715   -0.347452   -0.482773
0.333933   0.331426   -0.096848
-0.0619137   -0.301056   -0.470668
-0.135755   -0.256296   0.24978
0.0113862   -0.101379   -0.263476
-0.0271946   -0.292108   0.173043
-0.387582   0.492591   -0.327186
-0.290494   -0.482884   0.0111123
0.157856   0.148528   -0.0386992
-0.0531899   0.141678   0.492456
-0.423042   0.0604832   0.316551
0.350377   -0.0896641   0.44539
0.0768255   0.298654   -0.203604
-0.275484   -0.407551   0.0741077
0.114028   0.484562   0.353383
-0.139416   0.491082   -0.25312
0.361038   0.0937944   0.399907
-0.388365   -0.223519   -0.125917
0.347127   0.44306   0.389779
-0.471262   -0.432167   0.402633
0.194711   0.321576   -0.41449
0.285104   0.136845   -0.26611
0.0619936   0.0791165   -0.0872443
0.0617632   0.467657   0.417913
-0.0601768   -0.152188   -0.185638
-0.422356   0.364822   0.280094
0.224163   0.0985611   0.0165927
-0.313568   0.20691   -0.183878
-0.151188   -0.0534781   0.474324
0.129748   -0.138834   -0.236319
0.059579   0.15157   -0.390973
0.453063   -0.402209   0.447054
0.325824   -0.385928   -0.321497
-0.245386   0.199851   0.370674
0.369032   0.414246   0.165732
0.488741   0.399601   -0.383003
0.0108582   0.173886   0.233994
0.491772   0.365404   0.0213189
0.155646   -0.396074   -0.095533
0.109248   0.385373   -0.163117
-0.437937   0.279193   -0.377568
0.0897542   0.198532   0.333161
-0.193143   -0.449948   0.0627497
-0.405264   0.230365   0.381506
0.121835   0.407185   0.463518
0.0666099   0.150327   0.468861
0.371411   -0.0133822   -0.373383
-0.330907   -0.140296   0.414858
-0.16555   0.463341   -0.442456
-0.414703   0.0775329   -0.115051
0.00554415   -0.00774906   -0.0695874
0.311753   0.448979   -0.37478
0.498621   -0.208903   0.331285
0.429791   0.400502   -0.06413
-0.125838   -0.42449   0.326942
-0.423763   0.173384   -0.249602
-0.202465   0.174998   0.134612
0.311848   0.207377   -0.219675
-0.198872   0.262518   0.146517
-0.455937   0.0930401   0.230031
0.0371072   -0.28198   -0.433957
0.0523421   0.345845   -0.469774
0.00847341   0.147744   -0.309833
-0.180099   -0.354942   -0.425626
0.48246   0.237521   0.195122
-0.178516   -0.410543   0.150929
0.489337   -0.312116   0.343493
0.122378   -0.470977   0.197471
0.147672   0.142028   0.219981
0.398224   -0.0920632   -0.0250331
0.195697   -0.276902   0.292573
-0.427509   0.38072   -0.173221
0.16868   -0.487137   -0.0663653
0.0221204   0.387464   0.423183
-0.424048   0.235414   0.245666
0.104382   0.245197   -0.0835946
0.438829   0.0129526   -0.403434
0.428683   -0.476024   -0.0528432
-0.200156   -0.254636   -0.0427483
-0.33282   -0.183177   0.331586
-0.215567   -0.432436   -0.452079
0.474246   0.154872   0.252901
0.105709   -0.394682   0.0692174
-0.0990605   -0.373618   -0.136746
0.132596   0.000708729   -0.396733
