1.1
1.10001
1.10002
1.10003
1.10005
1.10007
1.10009
1.10012
1.10015
1.10019
1.10023
1.10027
1.10032
1.10037
1.10043
1.10049
1.10055
1.10062
1.1007
1.10077
1.10086
1.10094
1.10103
1.10113
1.10123
1.10133
1.10144
1.10156
1.10168
1.1018
1.10193
1.10207
1.10221
1.10236
1.10251
1.10267
1.10283
1.103
1.10318
1.10336
1.10355
1.10374
1.10395
1.10416
1.10437
1.1046
1.10483
1.10507
1.10532
1.10557
1.10584
1.10612
1.1064
1.10669
1.107
1.10731
1.10764
1.10798
1.10833
1.10869
1.10906
1.10945
1.10985
1.11027
1.1107
1.11115
1.11162
1.1121
1.1126
1.11312
1.11366
1.11422
1.1148
1.11541
1.11604
1.1167
1.11738
1.1181
1.11884
1.11962
1.12043
1.12127
1.12215
1.12307
1.12404
1.12505
1.1261
1.1272
1.12836
1.12957
1.13083
1.13216
1.13355
1.135
1.13652
1.13811
1.13977
1.1415
1.14331
1.14518
1.20189
1.20394
1.20604
1.20818
1.21032
1.21243
1.21448
1.2164
1.21812
1.21955
1.22057
1.22107
1.22092
1.22001
1.21829
1.2158
1.21274
1.20947
1.20654
1.20453
1.20395
1.20507
1.20785
1.21196
1.21689
1.22206
1.22688
1.2309
1.23385
1.23572
1.23676
1.2375
1.23859
1.24066
1.24406
1.24874
1.25426
1.25999
1.26526
1.26958
1.27265
1.2744
1.27491
1.27442
1.27322
1.27166
1.27001
1.26846
1.26709
1.26588
1.19905
1.19813
1.19722
1.19627
1.19525
1.19418
1.19318
1.19251
1.1925
1.19348
1.1956
1.19885
1.20302
1.20781
1.21288
1.21794
1.22273
1.22701
1.23061
1.23336
1.2352
1.23611
1.23618
1.23555
1.23445
1.23314
1.2319
1.23099
1.2306
1.23085
1.23175
1.23322
1.23512
1.23726
1.23946
1.24154
1.24341
1.24499
1.24629
1.24734
1.24822
1.24899
1.2497
1.25038
1.25102
1.25159
1.25208
1.25249
1.25284
1.25317
1.20035
1.20078
1.20129
1.20186
1.20244
1.20301
1.20353
1.204
1.20444
1.20486
1.20531
1.20585
1.20651
1.20732
1.2083
1.20945
1.21073
1.21212
1.21356
1.21498
1.21635
1.21758
1.21864
1.21946
1.22001
1.22026
1.22017
1.21975
1.21901
1.21801
1.21684
1.21563
1.21453
1.21369
1.21321
1.21314
1.21344
1.21399
1.21462
1.21514
1.21538
1.21519
1.21448
1.21323
1.2115
1.20947
1.20746
1.20586
1.20509
1.2055
1.20178
1.20479
1.20861
1.2127
1.2165
1.21949
1.22124
1.22142
1.21988
1.2167
1.2123
1.20754
1.20363
1.20182
1.20286
1.20666
1.21238
1.21881
1.22486
1.22974
1.23303
1.23452
1.2342
1.23211
1.22836
1.22314
1.21672
1.20952
1.2021
1.19517
1.1895
1.1858
1.18456
1.1859
1.1895
1.1947
1.20069
1.20668
1.2121
1.21663
1.22019
1.22286
1.22481
1.22623
1.22729
1.22811
1.22878
1.22934
1.22982
1.23024
1.20033
1.20066
1.20099
1.20136
1.20177
1.20225
1.2028
1.20341
1.20406
1.20471
1.20532
1.20581
1.2061
1.20609
1.20567
1.20471
1.20305
1.20057
1.19717
1.19285
1.18775
1.18222
1.1768
1.17215
1.16878
1.16696
1.16656
1.16721
1.16849
1.17007
1.17175
1.17345
1.17517
1.17686
1.17851
1.18005
1.18143
1.18262
1.18358
1.18433
1.18488
1.18526
1.18549
1.18557
1.18551
1.18532
1.18504
1.18471
1.18442
1.18426
1.20009
1.20045
1.20105
1.20182
1.20264
1.20338
1.2039
1.2041
1.20392
1.20331
1.20226
1.20079
1.19893
1.19674
1.19429
1.19169
1.18904
1.1865
1.1842
1.1823
1.18095
1.18025
1.18026
1.18101
1.18242
1.1844
1.18678
1.18941
1.19208
1.19462
1.19684
1.19857
1.19966
1.19994
1.1993
1.19765
1.19499
1.19145
1.18734
1.18309
1.1792
1.17606
1.17384
1.17245
1.17172
1.1715
1.17182
1.17277
1.17448
1.17694
1.20293
1.20627
1.2096
1.21264
1.21522
1.21725
1.21874
1.21975
1.22037
1.22068
1.22075
1.22058
1.22013
1.21935
1.21816
1.21657
1.21468
1.21267
1.21076
1.20914
1.20787
1.20688
1.20597
1.20498
1.20383
1.20256
1.20134
1.20037
1.19979
1.19965
1.19988
1.20033
1.20085
1.20134
1.20175
1.20212
1.20253
1.20308
1.20383
1.2048
1.20598
1.20729
1.20867
1.21004
1.21132
1.21247
1.21345
1.21424
1.21484
1.21526
1.20022
1.2003
1.20025
1.20008
1.19982
1.19947
1.19906
1.19859
1.19809
1.19755
1.19699
1.19642
1.19584
1.19526
1.19467
1.19408
1.1935
1.1929
1.19229
1.19165
1.19099
1.19028
1.18953
1.18872
1.18789
1.18705
1.18624
1.18555
1.18505
1.18481
1.18492
1.18538
1.1862
1.18731
1.18861
1.18997
1.19127
1.19241
1.19329
1.19385
1.19407
1.19395
1.19351
1.19284
1.19203
1.19124
1.19061
1.19028
1.19035
1.19086
1.20091
1.20215
1.20355
1.20497
1.20629
1.20743
1.20835
1.20904
1.20951
1.20979
1.2099
1.20986
1.20966
1.20929
1.20871
1.20794
1.20698
1.20593
1.20497
1.2043
1.20411
1.20451
1.20546
1.20679
1.20823
1.20952
1.21044
1.2109
1.21087
1.2104
1.2096
1.20862
1.20766
1.20695
1.20677
1.20739
1.209
1.21164
1.21519
1.21937
1.22384
1.22828
1.23242
1.2361
1.23923
1.24179
1.24381
1.24532
1.24636
1.24694
1.2001
1.19979
1.19905
1.19786
1.19618
1.194
1.19128
1.18805
1.18439
1.1805
1.17673
1.17354
1.17138
1.17053
1.17095
1.17228
1.17396
1.17543
1.17621
1.17603
1.17481
1.17273
1.17014
1.16755
1.16547
1.16425
1.16405
1.16483
1.16651
1.16902
1.17235
1.17642
1.181
1.18579
1.19043
1.19461
1.19817
1.20102
1.2032
1.2048
1.20592
1.20667
1.20716
1.20745
1.20761
1.20767
1.20764
1.20753
1.20729
1.20688
1.20623
1.20528
1.20392
1.20208
1.19968
1.19668
1.19309
1.189
1.18462
1.18029
1.17642
1.17338
1.17143
1.17059
1.17072
1.17156
1.17286
1.17446
1.17623
1.17811
1.18003
1.1819
1.18368
1.18529
1.18669
1.18786
1.18876
1.18937
1.18967
1.18963
1.18923
1.18848
1.18737
1.18591
1.18414
1.18206
1.17967
1.17699
1.17405
1.17094
1.16789
1.16525
1.16346
1.16292
1.16382
1.166
1.16907
1.17247
1.17571
1.17844
1.18047
1.18174
1.18228
1.18215
1.18143
1.18021
1.1786
1.17668
1.17457
1.17238
1.17022
1.1682
1.16639
1.16485
1.16361
1.16268
1.16209
1.16183
1.16191
1.16233
1.16305
1.16403
1.16518
1.16641
1.16761
1.1687
1.16959
1.17022
1.17054
1.17052
1.17015
1.16944
1.16839
1.16704
1.16544
1.16365
1.16174
1.1598
1.15793
1.15625
1.15484
1.1538
1.15319
1.15303
1.15331
1.15401
1.15505
1.15636
1.15786
1.15946
1.16109
1.1627
1.16425
1.16569
1.16701
1.16819
1.16922
1.1701
1.17082
1.17137
1.17174
1.1719
1.17184
1.17154
1.17095
1.17005
1.1688
1.16721
1.16527
1.16304
1.16062
1.15814
1.15582
1.15388
1.15252
1.15187
1.15198
1.15278
1.15414
1.15592
1.15796
1.16015
1.16242
1.1647
1.16696
1.16915
1.17124
1.17317
1.17494
1.17653
1.17792
1.17914
1.18021
1.18114
1.18196
1.18271
1.1834
1.18405
1.18468
1.1853
1.18591
1.18651
1.1871
1.18765
1.18816
1.18859
1.1889
1.18904
1.18895
1.18853
1.18769
1.1863
1.18425
1.18151
1.17811
1.17431
1.17059
1.1676
1.16601
1.16623
1.16817
1.17134
1.17501
1.1785
1.18138
1.18342
1.1846
1.18502
1.18483
1.18419
1.18327
1.18222
1.18115
1.18016
1.17936
1.17883
1.17866
1.17893
1.17969
1.18094
1.18261
1.1846
1.18678
1.18899
1.19113
1.19309
1.1948
1.19623
1.19733
1.19811
1.19857
1.19872
1.19859
1.19821
1.19763
1.19689
1.19605
1.19517
1.19428
1.1934
1.19255
1.19168
1.19078
1.18979
1.1887
1.18751
1.18629
1.18515
1.18418
1.1835
1.18312
1.18301
1.18306
1.18311
1.18306
1.18286
1.18252
1.18216
1.18193
1.18202
1.18254
1.18355
1.18499
1.18674
1.18863
1.1905
1.1922
1.19363
1.19472
1.19542
1.19566
1.19537
1.19448
1.19289
1.19053
1.18737
1.18346
1.17899
1.17429
1.16983
1.16607
1.16337
1.16184
1.16136
1.1617
1.16271
1.16444
1.16705
1.17065
1.17505
1.17969
1.18384
1.18687
1.18838
1.18842
1.1874
1.18602
1.18501
1.18489
1.18572
1.18711
1.1885
1.18937
1.18943
1.18867
1.18731
1.1857
1.18425
1.18327
1.18293
1.18327
1.18417
1.18545
1.18691
1.18838
1.18971
1.19078
1.19151
1.19186
1.19179
1.1913
1.19038
1.18904
1.18728
1.1851
1.18247
1.17939
1.17584
1.17189
1.16766
1.16336
1.1593
1.1558
1.15316
1.15154
1.15097
1.15134
1.15248
1.15419
1.1563
1.15868
1.16121
1.16374
1.16616
1.1683
1.17003
1.17121
1.17175
1.17161
1.17083
1.16957
1.16809
1.16679
1.16608
1.16629
1.16752
1.16965
1.17236
1.17525
1.17796
1.18021
1.18185
1.18282
1.18309
1.18267
1.18159
1.17986
1.17753
1.17469
1.17145
1.168
1.16454
1.16131
1.15851
1.15628
1.15465
1.15363
1.15315
1.15317
1.15366
1.15455
1.15578
1.15723
1.15874
1.16015
1.16133
1.16219
1.16274
1.16303
1.16313
1.16313
1.16309
1.16303
1.16297
1.16289
1.16276
1.16257
1.16232
1.16201
1.16165
1.16124
1.16079
1.16029
1.15973
1.15913
1.15848
1.15782
1.1572
1.15667
1.15633
1.15624
1.15647
1.15704
1.15796
1.15918
1.16062
1.16217
1.16368
1.16501
1.16597
1.16636
1.16601
1.16473
1.16243
1.15918
1.15533
1.15153
1.14872
1.14776
1.14906
1.15235
1.15686
1.16166
1.16607
1.16969
1.17243
1.17436
1.17562
1.17638
1.17674
1.17683
1.17669
1.17637
1.17588
1.17521
1.17435
1.17329
1.17202
1.17056
1.16899
1.16739
1.16594
1.16482
1.1642
1.16424
1.16501
1.16647
1.16851
1.17096
1.17359
1.17622
1.17868
1.18083
1.18257
1.18384
1.18456
1.18467
1.18404
1.18254
1.17995
1.17602
1.17055
1.16354
1.15544
1.14733
1.14087
1.1376
1.13811
1.14171
1.14693
1.15249
1.1577
1.16244
1.16691
1.17129
1.17567
1.17997
1.18401
1.18759
1.19053
1.19275
1.19422
1.19501
1.19523
1.19502
1.19453
1.19383
1.19297
1.19196
1.19075
1.18931
1.18761
1.18566
1.18345
1.18096
1.17813
1.17494
1.17137
1.16754
1.16363
1.15988
1.15659
1.15409
1.1527
1.15272
1.15429
1.15733
1.16151
1.16636
1.17135
1.17608
1.18023
1.18368
1.1864
1.18844
1.1899
1.19089
1.19152
1.19189
1.19207
1.19214
1.19215
1.19214
1.19213
1.19216
1.19223
1.19235
1.19254
1.19279
1.19311
1.19349
1.19393
1.19442
1.19496
1.19552
1.19609
1.19666
1.19721
1.1977
1.19811
1.19842
1.19858
1.19858
1.19837
1.19796
1.19733
1.19652
1.19558
1.19457
1.19359
1.19274
1.19209
1.19168
1.1915
1.1915
1.19159
1.19168
1.19171
1.19165
1.19155
1.19149
1.19159
1.19194
1.19263
1.19366
1.19497
1.19645
1.19795
1.19935
1.20056
1.20152
1.20224
1.20275
1.20314
1.20348
1.20386
1.20435
1.20502
1.2059
1.20702
1.20838
1.20997
1.21173
1.21362
1.21557
1.21753
1.21944
1.22128
1.22301
1.22464
1.2262
1.22769
1.22913
1.23053
1.23187
1.23313
1.23424
1.23514
1.23571
1.23584
1.23539
1.23426
1.23238
1.22977
1.22656
1.22299
1.21936
1.21597
1.21303
1.21067
1.209
1.20811
1.20812
1.20913
1.21113
1.21397
1.21733
1.22078
1.22387
1.22618
1.22743
1.22742
1.22609
1.2235
1.21983
1.21535
1.21044
1.20552
1.20106
1.19752
1.19523
1.19441
1.1951
1.19719
1.20042
1.20449
1.20905
1.21377
1.21835
1.22252
1.2261
1.22895
1.23101
1.23224
1.23265
1.23226
1.23108
1.22913
1.22642
1.22293
1.2187
1.21384
1.20857
1.20328
1.19857
1.19505
1.19321
1.19317
1.19462
1.19692
1.19935
1.20131
1.20243
1.20262
1.20192
1.20056
1.19881
1.19699
1.19542
1.19432
1.19385
1.19405
1.19484
1.19611
1.19766
1.19932
1.20096
1.20245
1.20372
1.20476
1.20554
1.2061
1.20646
1.20666
1.20674
1.20673
1.20666
1.20654
1.20638
1.20618
1.20592
1.20559
1.20515
1.20458
1.20384
1.20291
1.20175
1.20034
1.19865
1.19668
1.19448
1.19212
1.18973
1.1875
1.18565
1.18443
1.18401
1.1845
1.18588
1.18801
1.19068
1.19364
1.19666
1.19956
1.2022
1.2045
1.20642
1.20796
1.20913
1.20997
1.21052
1.21085
1.21102
1.21109
1.21114
1.21122
1.21135
1.21152
1.21166
1.21169
1.21145
1.2108
1.20957
1.20766
1.20501
1.20166
1.19778
1.19365
1.18969
1.1864
1.18435
1.18399
1.18558
1.18904
1.19394
1.19962
1.20534
1.21045
1.21445
1.2171
1.21827
1.21803
1.21649
1.21386
1.21042
1.20653
1.20259
1.19906
1.19638
1.19491
1.19483
1.19611
1.19851
1.20169
1.20522
1.20874
1.21198
1.21476
1.21698
1.2186
1.21965
1.22012
1.22003
1.21939
1.21818
1.21638
1.21398
1.21095
1.20733
1.20316
1.19855
1.19365
1.18868
1.18388
1.17948
1.17571
1.17279
1.17088
1.1701
1.17051
1.17209
1.17468
1.17801
1.18174
1.18554
1.18911
1.19225
1.19484
1.19684
1.19828
1.1992
1.19969
1.1998
1.19962
1.19921
1.19862
1.19791
1.19711
1.19624
1.19532
1.19435
1.19334
1.19227
1.19111
1.18983
1.18839
1.18674
1.18483
1.18262
1.18009
1.17731
1.1744
1.17158
1.1692
1.16761
1.16711
1.16783
1.16969
1.17241
1.17561
1.17889
1.18196
1.18463
1.18679
1.18842
1.18954
1.19019
1.19046
1.19042
1.19015
1.18974
1.18927
1.18881
1.18839
1.18802
1.18769
1.18736
1.18701
1.18659
1.18611
1.1856
1.18511
1.18473
1.18457
1.18468
1.18509
1.18574
1.1865
1.1872
1.18768
1.18783
1.18759
1.18699
1.18614
1.18519
1.18435
1.1838
1.1837
1.18409
1.18487
1.1858
1.18657
1.1868
1.18623
1.1848
1.18271
1.18044
1.17856
1.17754
1.17747
1.17812
1.17912
1.18024
1.1815
1.18312
1.1853
1.18807
1.19119
1.19425
1.19684
1.19863
1.19945
1.19928
1.19824
1.19653
1.19445
1.19236
1.1906
1.18943
1.18897
1.18912
1.18965
1.19025
1.19064
1.19067
1.19033
1.18971
1.18899
1.18836
1.18793
1.18774
1.18773
1.18783
1.18797
1.18808
1.18814
1.18816
1.18819
1.18831
1.18863
1.18926
1.19029
1.19173
1.19354
1.19559
1.19772
1.19975
1.2015
1.20281
1.20356
1.20366
1.20305
1.20172
1.19976
1.19737
1.19484
1.19256
1.1909
1.1901
1.19026
1.19126
1.19286
1.19478
1.19676
1.19857
1.20003
1.20102
1.20146
1.20134
1.20074
1.19985
1.19899
1.19856
1.19894
1.20038
1.2029
1.20629
1.2102
1.21425
1.21812
1.22162
1.22465
1.22721
1.2293
1.231
1.23234
1.23339
1.23416
1.23467
1.23492
