1.65
1.65001
1.65002
1.65004
1.65007
1.6501
1.65014
1.65018
1.65023
1.65028
1.65034
1.65041
1.65048
1.65056
1.65065
1.65074
1.65083
1.65093
1.65104
1.65116
1.65128
1.65141
1.65155
1.65169
1.65184
1.652
1.65216
1.65234
1.65252
1.6527
1.6529
1.6531
1.65331
1.65353
1.65376
1.654
1.65425
1.6545
1.65476
1.65504
1.65532
1.65561
1.65592
1.65623
1.65656
1.65689
1.65724
1.6576
1.65798
1.65836
1.65876
1.65917
1.6596
1.66004
1.6605
1.66097
1.66146
1.66197
1.66249
1.66303
1.6636
1.66418
1.66478
1.66541
1.66606
1.66673
1.66743
1.66815
1.6689
1.66968
1.67049
1.67133
1.67221
1.67312
1.67406
1.67505
1.67608
1.67715
1.67826
1.67943
1.68064
1.68191
1.68323
1.68461
1.68606
1.68757
1.68915
1.6908
1.69254
1.69435
1.69625
1.69824
1.70032
1.7025
1.70478
1.70717
1.70966
1.71226
1.71496
1.71777
1.80284
1.80592
1.80907
1.81227
1.81548
1.81865
1.82172
1.8246
1.82718
1.82932
1.83086
1.83161
1.83139
1.83002
1.82744
1.8237
1.8191
1.81421
1.80981
1.8068
1.80593
1.8076
1.81177
1.81794
1.82534
1.83309
1.84032
1.84635
1.85078
1.85358
1.85514
1.85624
1.85788
1.86099
1.86609
1.87311
1.8814
1.88998
1.89789
1.90437
1.90898
1.91159
1.91236
1.91162
1.90983
1.90749
1.90501
1.90269
1.90064
1.89882
1.79858
1.7972
1.79583
1.79441
1.79288
1.79127
1.78977
1.78876
1.78875
1.79021
1.7934
1.79828
1.80453
1.81171
1.81932
1.82691
1.83409
1.84052
1.84591
1.85004
1.8528
1.85417
1.85427
1.85333
1.85168
1.84971
1.84786
1.84649
1.8459
1.84628
1.84763
1.84983
1.85268
1.85589
1.85918
1.86231
1.86511
1.86748
1.86943
1.87101
1.87233
1.87348
1.87456
1.87558
1.87653
1.87739
1.87812
1.87873
1.87925
1.87975
1.80052
1.80117
1.80194
1.80278
1.80366
1.80451
1.8053
1.80601
1.80666
1.80729
1.80797
1.80877
1.80976
1.81098
1.81245
1.81417
1.8161
1.81818
1.82033
1.82248
1.82452
1.82637
1.82795
1.82919
1.83002
1.83038
1.83025
1.82962
1.82852
1.82702
1.82526
1.82345
1.8218
1.82053
1.81981
1.81971
1.82015
1.82098
1.82192
1.82271
1.82307
1.82279
1.82172
1.81984
1.81725
1.81421
1.81119
1.80878
1.80763
1.80825
1.80266
1.80719
1.81292
1.81906
1.82476
1.82924
1.83185
1.83213
1.82982
1.82504
1.81844
1.8113
1.80545
1.80274
1.80429
1.80999
1.81857
1.82822
1.83729
1.84462
1.84954
1.85178
1.8513
1.84816
1.84254
1.83471
1.82508
1.81428
1.80315
1.79275
1.78425
1.7787
1.77684
1.77884
1.78425
1.79205
1.80103
1.81002
1.81814
1.82494
1.83028
1.83429
1.83721
1.83935
1.84093
1.84217
1.84317
1.844
1.84473
1.84536
1.80049
1.80098
1.80149
1.80204
1.80266
1.80338
1.8042
1.80511
1.80609
1.80706
1.80797
1.80871
1.80915
1.80914
1.80851
1.80706
1.80457
1.80085
1.79576
1.78927
1.78162
1.77333
1.76521
1.75822
1.75318
1.75044
1.74984
1.75081
1.75273
1.7551
1.75762
1.76018
1.76275
1.7653
1.76776
1.77007
1.77215
1.77393
1.77537
1.7765
1.77733
1.77789
1.77823
1.77835
1.77826
1.77799
1.77756
1.77707
1.77663
1.77639
1.80014
1.80068
1.80158
1.80274
1.80397
1.80507
1.80585
1.80615
1.80588
1.80496
1.80339
1.80118
1.79839
1.79511
1.79144
1.78753
1.78357
1.77974
1.7763
1.77345
1.77142
1.77037
1.7704
1.77151
1.77363
1.7766
1.78018
1.78411
1.78812
1.79192
1.79525
1.79786
1.79948
1.79991
1.79895
1.79648
1.79249
1.78718
1.78101
1.77463
1.7688
1.7641
1.76076
1.75868
1.75757
1.75725
1.75772
1.75916
1.76173
1.76541
1.80439
1.80941
1.8144
1.81896
1.82282
1.82587
1.82811
1.82962
1.83055
1.83102
1.83112
1.83087
1.8302
1.82902
1.82724
1.82486
1.82202
1.819
1.81614
1.81371
1.81181
1.81031
1.80896
1.80747
1.80574
1.80384
1.80201
1.80055
1.79968
1.79947
1.79982
1.8005
1.80128
1.802
1.80262
1.80318
1.8038
1.80463
1.80575
1.80721
1.80897
1.81094
1.81301
1.81506
1.81699
1.81871
1.82017
1.82136
1.82226
1.82289
1.80032
1.80044
1.80037
1.80012
1.79972
1.79921
1.79859
1.79789
1.79713
1.79633
1.79549
1.79463
1.79376
1.79288
1.79201
1.79113
1.79024
1.78935
1.78843
1.78748
1.78648
1.78542
1.78429
1.78309
1.78183
1.78057
1.77937
1.77833
1.77757
1.77722
1.77737
1.77808
1.7793
1.78097
1.78291
1.78495
1.78691
1.78861
1.78993
1.79078
1.79111
1.79092
1.79026
1.78925
1.78805
1.78686
1.78591
1.78542
1.78553
1.78629
1.80137
1.80323
1.80533
1.80745
1.80943
1.81114
1.81252
1.81356
1.81427
1.81469
1.81485
1.81479
1.81449
1.81393
1.81307
1.8119
1.81047
1.8089
1.80746
1.80645
1.80616
1.80676
1.80819
1.81018
1.81234
1.81428
1.81567
1.81635
1.8163
1.8156
1.8144
1.81293
1.81149
1.81042
1.81016
1.81108
1.81349
1.81746
1.82278
1.82905
1.83577
1.84242
1.84863
1.85415
1.85884
1.86269
1.86572
1.86798
1.86954
1.87041
1.80014
1.79968
1.79858
1.79679
1.79428
1.791
1.78692
1.78207
1.77658
1.77075
1.76509
1.76031
1.75707
1.75579
1.75642
1.75841
1.76094
1.76314
1.76431
1.76404
1.76222
1.75909
1.7552
1.75132
1.7482
1.74638
1.74608
1.74725
1.74976
1.75353
1.75853
1.76462
1.7715
1.77869
1.78564
1.79192
1.79725
1.80153
1.8048
1.8072
1.80888
1.81001
1.81074
1.81118
1.81141
1.8115
1.81147
1.81129
1.81093
1.81032
1.80935
1.80791
1.80588
1.80312
1.79953
1.79502
1.78963
1.78349
1.77693
1.77044
1.76462
1.76007
1.75714
1.75589
1.75608
1.75734
1.7593
1.76169
1.76435
1.76717
1.77004
1.77286
1.77551
1.77793
1.78004
1.78179
1.78314
1.78406
1.78451
1.78444
1.78385
1.78271
1.78105
1.77887
1.77621
1.77309
1.76951
1.76549
1.76107
1.75641
1.75183
1.74787
1.74519
1.74438
1.74573
1.749
1.7536
1.7587
1.76356
1.76766
1.7707
1.77261
1.77342
1.77322
1.77214
1.77032
1.7679
1.76502
1.76185
1.75857
1.75533
1.7523
1.74959
1.74727
1.74541
1.74402
1.74313
1.74274
1.74287
1.74349
1.74458
1.74605
1.74777
1.74961
1.75142
1.75305
1.75439
1.75534
1.75581
1.75579
1.75523
1.75416
1.75259
1.75057
1.74816
1.74547
1.74261
1.7397
1.7369
1.73437
1.73226
1.7307
1.72978
1.72954
1.72997
1.73101
1.73258
1.73454
1.73679
1.73919
1.74164
1.74406
1.74637
1.74853
1.75051
1.75228
1.75383
1.75515
1.75623
1.75705
1.7576
1.75785
1.75777
1.75731
1.75642
1.75507
1.75321
1.75082
1.74791
1.74457
1.74092
1.73721
1.73373
1.73082
1.72878
1.7278
1.72796
1.72917
1.73122
1.73388
1.73694
1.74023
1.74363
1.74706
1.75044
1.75373
1.75685
1.75976
1.76241
1.76479
1.76688
1.76871
1.77031
1.7717
1.77294
1.77406
1.77509
1.77607
1.77702
1.77795
1.77887
1.77977
1.78064
1.78148
1.78223
1.78288
1.78335
1.78356
1.78343
1.7828
1.78153
1.77944
1.77638
1.77226
1.76717
1.76147
1.75588
1.7514
1.74902
1.74934
1.75226
1.75701
1.76251
1.76776
1.77207
1.77513
1.77691
1.77754
1.77725
1.77629
1.77491
1.77333
1.77172
1.77024
1.76904
1.76824
1.76799
1.7684
1.76954
1.7714
1.77391
1.7769
1.78016
1.78349
1.7867
1.78964
1.79221
1.79434
1.796
1.79717
1.79786
1.79809
1.79789
1.79732
1.79644
1.79534
1.79408
1.79275
1.79142
1.7901
1.78882
1.78753
1.78617
1.78469
1.78305
1.78127
1.77944
1.77772
1.77627
1.77525
1.77469
1.77452
1.77458
1.77467
1.7746
1.77429
1.77378
1.77323
1.7729
1.77303
1.77381
1.77532
1.77749
1.78011
1.78295
1.78575
1.7883
1.79045
1.79208
1.79312
1.79348
1.79305
1.79172
1.78933
1.78579
1.78105
1.77519
1.76848
1.76144
1.75474
1.7491
1.74505
1.74275
1.74204
1.74255
1.74407
1.74665
1.75057
1.75598
1.76257
1.76953
1.77577
1.7803
1.78257
1.78263
1.7811
1.77903
1.77752
1.77734
1.77857
1.78067
1.78275
1.78406
1.78414
1.783
1.78096
1.77856
1.77638
1.7749
1.7744
1.7749
1.77625
1.77817
1.78037
1.78258
1.78457
1.78617
1.78727
1.78779
1.78769
1.78694
1.78556
1.78356
1.78092
1.77765
1.77371
1.76908
1.76377
1.75784
1.75149
1.74505
1.73895
1.7337
1.72973
1.72731
1.72645
1.72702
1.72872
1.73129
1.73446
1.73802
1.74181
1.74562
1.74924
1.75246
1.75505
1.75682
1.75763
1.75742
1.75625
1.75435
1.75214
1.75019
1.74913
1.74943
1.75128
1.75448
1.75855
1.76288
1.76693
1.77031
1.77278
1.77423
1.77464
1.77401
1.77238
1.76979
1.7663
1.76203
1.75718
1.75199
1.74681
1.74197
1.73777
1.73442
1.73198
1.73044
1.72973
1.72976
1.73048
1.73183
1.73367
1.73585
1.73812
1.74023
1.74199
1.74329
1.74412
1.74455
1.7447
1.74469
1.74463
1.74455
1.74446
1.74433
1.74413
1.74385
1.74347
1.74301
1.74247
1.74186
1.74118
1.74043
1.7396
1.73869
1.73772
1.73673
1.73579
1.73501
1.7345
1.73436
1.7347
1.73556
1.73693
1.73876
1.74093
1.74325
1.74553
1.74751
1.74895
1.74954
1.74901
1.74709
1.74365
1.73878
1.73299
1.7273
1.72308
1.72164
1.72359
1.72853
1.73529
1.7425
1.7491
1.75453
1.75864
1.76154
1.76344
1.76456
1.76512
1.76524
1.76503
1.76455
1.76382
1.76281
1.76153
1.75993
1.75803
1.75585
1.75348
1.75109
1.74891
1.74722
1.7463
1.74636
1.74751
1.74971
1.75277
1.75643
1.76039
1.76433
1.76802
1.77124
1.77386
1.77576
1.77684
1.777
1.77607
1.77381
1.76992
1.76403
1.75583
1.74531
1.73315
1.72099
1.7113
1.7064
1.70717
1.71256
1.7204
1.72873
1.73654
1.74366
1.75036
1.75694
1.76351
1.76995
1.77602
1.78138
1.7858
1.78912
1.79133
1.79251
1.79284
1.79254
1.79179
1.79074
1.78946
1.78794
1.78613
1.78396
1.78142
1.7785
1.77518
1.77144
1.7672
1.7624
1.75706
1.75131
1.74544
1.73982
1.73489
1.73113
1.72905
1.72908
1.73144
1.73599
1.74227
1.74953
1.75703
1.76411
1.77035
1.77552
1.7796
1.78267
1.78486
1.78634
1.78729
1.78783
1.78811
1.78822
1.78823
1.78821
1.7882
1.78824
1.78834
1.78853
1.78881
1.78919
1.78967
1.79024
1.7909
1.79164
1.79243
1.79328
1.79414
1.79499
1.79581
1.79655
1.79717
1.79763
1.79787
1.79786
1.79756
1.79694
1.796
1.79478
1.79336
1.79185
1.79038
1.7891
1.78813
1.78752
1.78726
1.78725
1.78739
1.78752
1.78756
1.78748
1.78733
1.78724
1.78738
1.78791
1.78895
1.7905
1.79246
1.79467
1.79693
1.79903
1.80084
1.80228
1.80335
1.80413
1.80471
1.80522
1.80579
1.80652
1.80752
1.80885
1.81053
1.81258
1.81495
1.81759
1.82043
1.82336
1.8263
1.82917
1.83191
1.83451
1.83697
1.83929
1.84153
1.84369
1.84579
1.8478
1.84969
1.85136
1.85271
1.85357
1.85376
1.85309
1.85139
1.84857
1.84465
1.83984
1.83448
1.82905
1.82395
1.81954
1.81601
1.8135
1.81216
1.81217
1.81369
1.8167
1.82096
1.826
1.83117
1.8358
1.83927
1.84114
1.84113
1.83913
1.83525
1.82975
1.82303
1.81566
1.80828
1.8016
1.79627
1.79284
1.79161
1.79265
1.79578
1.80063
1.80674
1.81358
1.82066
1.82752
1.83378
1.83915
1.84343
1.84651
1.84835
1.84897
1.84838
1.84662
1.8437
1.83962
1.83439
1.82805
1.82076
1.81285
1.80493
1.79785
1.79257
1.78981
1.78976
1.79194
1.79539
1.79903
1.80196
1.80365
1.80392
1.80288
1.80083
1.79821
1.79549
1.79313
1.79148
1.79078
1.79107
1.79227
1.79416
1.79648
1.79898
1.80143
1.80367
1.80559
1.80714
1.80832
1.80915
1.80969
1.80999
1.81011
1.8101
1.80999
1.80981
1.80958
1.80927
1.80888
1.80838
1.80772
1.80687
1.80577
1.80437
1.80263
1.8005
1.79797
1.79503
1.79173
1.78819
1.7846
1.78125
1.77848
1.77664
1.77601
1.77675
1.77882
1.78202
1.78602
1.79046
1.795
1.79934
1.8033
1.80675
1.80963
1.81193
1.81369
1.81495
1.81578
1.81628
1.81653
1.81664
1.81672
1.81683
1.81702
1.81727
1.8175
1.81753
1.81718
1.8162
1.81436
1.81149
1.80751
1.80249
1.79667
1.79048
1.78453
1.77961
1.77653
1.77599
1.77837
1.78356
1.79091
1.79943
1.80801
1.81567
1.82168
1.82564
1.82741
1.82704
1.82473
1.82079
1.81564
1.80979
1.80388
1.79859
1.79457
1.79237
1.79224
1.79416
1.79777
1.80253
1.80783
1.81312
1.81798
1.82214
1.82546
1.82791
1.82947
1.83018
1.83005
1.82908
1.82727
1.82457
1.82096
1.81643
1.811
1.80474
1.79782
1.79048
1.78302
1.77581
1.76921
1.76357
1.75919
1.75632
1.75515
1.75577
1.75814
1.76202
1.76701
1.77261
1.77831
1.78367
1.78837
1.79226
1.79527
1.79742
1.79881
1.79953
1.7997
1.79942
1.79881
1.79793
1.79686
1.79566
1.79435
1.79297
1.79153
1.79001
1.7884
1.78666
1.78475
1.78259
1.78011
1.77724
1.77393
1.77014
1.76597
1.76159
1.75737
1.7538
1.75141
1.75066
1.75175
1.75454
1.75862
1.76341
1.76833
1.77294
1.77694
1.78018
1.78262
1.7843
1.78529
1.78569
1.78563
1.78522
1.78461
1.78391
1.78322
1.78259
1.78203
1.78154
1.78105
1.78051
1.77989
1.77917
1.77839
1.77766
1.7771
1.77685
1.77703
1.77764
1.77861
1.77974
1.78079
1.78152
1.78174
1.78138
1.78049
1.7792
1.77778
1.77652
1.7757
1.77555
1.77613
1.7773
1.77871
1.77985
1.7802
1.77935
1.7772
1.77406
1.77065
1.76785
1.76631
1.76621
1.76718
1.76868
1.77036
1.77226
1.77468
1.77796
1.78211
1.78678
1.79138
1.79526
1.79794
1.79917
1.79892
1.79736
1.79479
1.79168
1.78854
1.7859
1.78415
1.78345
1.78368
1.78448
1.78537
1.78596
1.78601
1.78549
1.78456
1.78349
1.78255
1.7819
1.7816
1.78159
1.78175
1.78195
1.78211
1.7822
1.78223
1.78228
1.78246
1.78294
1.78389
1.78543
1.7876
1.79031
1.79339
1.79659
1.79962
1.80224
1.80421
1.80535
1.80549
1.80457
1.80258
1.79965
1.79606
1.79227
1.78885
1.78635
1.78515
1.78539
1.78688
1.78929
1.79217
1.79514
1.79785
1.80005
1.80154
1.80219
1.80201
1.80111
1.79977
1.79848
1.79784
1.79841
1.80057
1.80435
1.80944
1.8153
1.82137
1.82718
1.83243
1.83698
1.84081
1.84395
1.8465
1.84851
1.85008
1.85124
1.85201
1.85237
