-0.0318396
-0.0318478
-0.0318618
-0.0318816
-0.0319071
-0.0319385
-0.0319756
-0.0320186
-0.0320673
-0.0321218
-0.0321821
-0.0322483
-0.0323203
-0.0324031
-0.0324943
-0.0325917
-0.0326929
-0.0328171
-0.032943
-0.0330827
-0.0332244
-0.0333705
-0.0335305
-0.0336879
-0.0338547
-0.0340548
-0.0342458
-0.0344395
-0.0346502
-0.0348615
-0.0350759
-0.0352958
-0.0355333
-0.0357673
-0.0360168
-0.0362726
-0.036542
-0.0368134
-0.0370893
-0.0373796
-0.0376678
-0.0379755
-0.0382793
-0.0385985
-0.0389333
-0.039296
-0.0396468
-0.0400142
-0.0403917
-0.0407796
-0.0411926
-0.0416099
-0.0420319
-0.0424782
-0.0429398
-0.0434244
-0.0439255
-0.0444414
-0.0449704
-0.0455228
-0.0460969
-0.0466865
-0.0473041
-0.0479343
-0.0485873
-0.0492691
-0.0499664
-0.0507018
-0.0514528
-0.0522398
-0.0530522
-0.0539035
-0.054774
-0.055689
-0.0566433
-0.0576245
-0.0586584
-0.0597426
-0.0608675
-0.0620355
-0.0632516
-0.0645139
-0.0658371
-0.0672197
-0.0686649
-0.0701811
-0.071767
-0.0734288
-0.0751656
-0.0769792
-0.0788783
-0.0808742
-0.082959
-0.0851413
-0.087427
-0.0898144
-0.0923057
-0.0949043
-0.097612
-0.100424
-0.10369
-0.10677
-0.10992
-0.11313
-0.11634
-0.119511
-0.122584
-0.125477
-0.12806
-0.130207
-0.131748
-0.132495
-0.132259
-0.130899
-0.128318
-0.124584
-0.11999
-0.1151
-0.110699
-0.107681
-0.10681
-0.108494
-0.112658
-0.118831
-0.126241
-0.133987
-0.141215
-0.14725
-0.151677
-0.154475
-0.15604
-0.15714
-0.158778
-0.161881
-0.16698
-0.173998
-0.182294
-0.190884
-0.1988
-0.205267
-0.209876
-0.212484
-0.213242
-0.212502
-0.210706
-0.208363
-0.205884
-0.203562
-0.20151
-0.199702
-0.198045
-0.19667
-0.195309
-0.19388
-0.192347
-0.190743
-0.189243
-0.188241
-0.188234
-0.189689
-0.192875
-0.197747
-0.204002
-0.211179
-0.21879
-0.226373
-0.233552
-0.239979
-0.245366
-0.249514
-0.252278
-0.253645
-0.253747
-0.252805
-0.251155
-0.249189
-0.247342
-0.24597
-0.24539
-0.24577
-0.247129
-0.249336
-0.252191
-0.255392
-0.258678
-0.261816
-0.264618
-0.267001
-0.268948
-0.270526
-0.271852
-0.273007
-0.274085
-0.275102
-0.276058
-0.276918
-0.27764
-0.278253
-0.278779
-0.279276
-0.279872
-0.280532
-0.281297
-0.282137
-0.283009
-0.283856
-0.284645
-0.285346
-0.28599
-0.286626
-0.287304
-0.288107
-0.289096
-0.29032
-0.29179
-0.293517
-0.295453
-0.297533
-0.299692
-0.30183
-0.303867
-0.305716
-0.307301
-0.308536
-0.309376
-0.309739
-0.309606
-0.30897
-0.307859
-0.306354
-0.304603
-0.302792
-0.301144
-0.299878
-0.299163
-0.299063
-0.299506
-0.300333
-0.301283
-0.302064
-0.302421
-0.30214
-0.301077
-0.299191
-0.296592
-0.293562
-0.290546
-0.288131
-0.28698
-0.287592
-0.290516
-0.295045
-0.300771
-0.306915
-0.312616
-0.317101
-0.319718
-0.319991
-0.317688
-0.312908
-0.306305
-0.299161
-0.293316
-0.2906
-0.292153
-0.297854
-0.306425
-0.316086
-0.325156
-0.332484
-0.33741
-0.339652
-0.339166
-0.336038
-0.330421
-0.322583
-0.312959
-0.302155
-0.291041
-0.280645
-0.272143
-0.2666
-0.264742
-0.266752
-0.272146
-0.279951
-0.288913
-0.297906
-0.306034
-0.312827
-0.318173
-0.322185
-0.325101
-0.327234
-0.328822
-0.330058
-0.33106
-0.331901
-0.33262
-0.333255
-0.333832
-0.334331
-0.334837
-0.335387
-0.33601
-0.336727
-0.337549
-0.338462
-0.339433
-0.340412
-0.341313
-0.342047
-0.34249
-0.342483
-0.34185
-0.340395
-0.337913
-0.334188
-0.329094
-0.322615
-0.314965
-0.306678
-0.298549
-0.291561
-0.286524
-0.283785
-0.283197
-0.284176
-0.286103
-0.288462
-0.290983
-0.293551
-0.296127
-0.298668
-0.301135
-0.303437
-0.305504
-0.30728
-0.308719
-0.309844
-0.31068
-0.311254
-0.311585
-0.311706
-0.311624
-0.31134
-0.310909
-0.310408
-0.309965
-0.309723
-0.309859
-0.310403
-0.311302
-0.312455
-0.313691
-0.314781
-0.315562
-0.315861
-0.315593
-0.314679
-0.313109
-0.310905
-0.30812
-0.304834
-0.30116
-0.297253
-0.293281
-0.28946
-0.286021
-0.283178
-0.281144
-0.280103
-0.280128
-0.281242
-0.283355
-0.286317
-0.289892
-0.293829
-0.29784
-0.301644
-0.30497
-0.307564
-0.309198
-0.309622
-0.308666
-0.306181
-0.30219
-0.29689
-0.290712
-0.284343
-0.278512
-0.273811
-0.270475
-0.268387
-0.267291
-0.266982
-0.267456
-0.268893
-0.271458
-0.27514
-0.280156
-0.285173
-0.290166
-0.294723
-0.298594
-0.301643
-0.303884
-0.305408
-0.306326
-0.306801
-0.306903
-0.306655
-0.305993
-0.304806
-0.303023
-0.300642
-0.297816
-0.294804
-0.291935
-0.289503
-0.287598
-0.286101
-0.284748
-0.283261
-0.281527
-0.279629
-0.277791
-0.276328
-0.275464
-0.275257
-0.275594
-0.276273
-0.277053
-0.277778
-0.278397
-0.278953
-0.279568
-0.280385
-0.28151
-0.282968
-0.284722
-0.286705
-0.288784
-0.29083
-0.292757
-0.294474
-0.29594
-0.297129
-0.298031
-0.298654
-0.299042
-0.299173
-0.299098
-0.298855
-0.298455
-0.29794
-0.297319
-0.296631
-0.295874
-0.29507
-0.294228
-0.293369
-0.292502
-0.291631
-0.290756
-0.289875
-0.288995
-0.288095
-0.287154
-0.286206
-0.285204
-0.284155
-0.283023
-0.281828
-0.280574
-0.279318
-0.278114
-0.277065
-0.276314
-0.275968
-0.276131
-0.276835
-0.278064
-0.27973
-0.281677
-0.28372
-0.285682
-0.287387
-0.2887
-0.289545
-0.289877
-0.289689
-0.289042
-0.28803
-0.286818
-0.285628
-0.284683
-0.284198
-0.284305
-0.285074
-0.286596
-0.288465
-0.290564
-0.29269
-0.294664
-0.296372
-0.297754
-0.298787
-0.299498
-0.299912
-0.300092
-0.300028
-0.299731
-0.299172
-0.298317
-0.29714
-0.295698
-0.294128
-0.292687
-0.291674
-0.291388
-0.291987
-0.293419
-0.295411
-0.297575
-0.299513
-0.300905
-0.301587
-0.301539
-0.300833
-0.299631
-0.298162
-0.296706
-0.295638
-0.295363
-0.296296
-0.298713
-0.302671
-0.307991
-0.314269
-0.320977
-0.327634
-0.333836
-0.339353
-0.344049
-0.347895
-0.350926
-0.353184
-0.354741
-0.35562
-0.355838
-0.355377
-0.354272
-0.352479
-0.349966
-0.346687
-0.342622
-0.337779
-0.332293
-0.326462
-0.320809
-0.316022
-0.312785
-0.311518
-0.312155
-0.314153
-0.316676
-0.318877
-0.320048
-0.319774
-0.317945
-0.314815
-0.310926
-0.307042
-0.303924
-0.302109
-0.30181
-0.302975
-0.305488
-0.30926
-0.314264
-0.320354
-0.327234
-0.334404
-0.341351
-0.347623
-0.352951
-0.357223
-0.3605
-0.362899
-0.36459
-0.365718
-0.366434
-0.366877
-0.367117
-0.367198
-0.367153
-0.366977
-0.366617
-0.366007
-0.36505
-0.363612
-0.361574
-0.358818
-0.355225
-0.350727
-0.345329
-0.339195
-0.332625
-0.326134
-0.320325
-0.315766
-0.312829
-0.31158
-0.311767
-0.313018
-0.314972
-0.31737
-0.320037
-0.322854
-0.325729
-0.32854
-0.331199
-0.333621
-0.335724
-0.337481
-0.338829
-0.339745
-0.340188
-0.340128
-0.339529
-0.338404
-0.336733
-0.334552
-0.33189
-0.328759
-0.325179
-0.321158
-0.316747
-0.312075
-0.30749
-0.303521
-0.300844
-0.300026
-0.301364
-0.304644
-0.309239
-0.314333
-0.319191
-0.323284
-0.326332
-0.32824
-0.329048
-0.328852
-0.327771
-0.325944
-0.323517
-0.320648
-0.317481
-0.314196
-0.310954
-0.307919
-0.30521
-0.302908
-0.301048
-0.299661
-0.298759
-0.29837
-0.298496
-0.299124
-0.300209
-0.301671
-0.303384
-0.30523
-0.307039
-0.308674
-0.31002
-0.310959
-0.311437
-0.311413
-0.310861
-0.309784
-0.308213
-0.306195
-0.303785
-0.301103
-0.298229
-0.295316
-0.292514
-0.289986
-0.287877
-0.286314
-0.285391
-0.285149
-0.285578
-0.286615
-0.288174
-0.290141
-0.292383
-0.29478
-0.297226
-0.29964
-0.301957
-0.304112
-0.306088
-0.307869
-0.309425
-0.310747
-0.311831
-0.312655
-0.3132
-0.313449
-0.313371
-0.312905
-0.312028
-0.310668
-0.308807
-0.306413
-0.303507
-0.300163
-0.29652
-0.292807
-0.28933
-0.286412
-0.284372
-0.2834
-0.283566
-0.284771
-0.286814
-0.289474
-0.292537
-0.295823
-0.29923
-0.302653
-0.306041
-0.309322
-0.312441
-0.315356
-0.318008
-0.32038
-0.322482
-0.324317
-0.325921
-0.327317
-0.328562
-0.329685
-0.330722
-0.331704
-0.332651
-0.333589
-0.334511
-0.335417
-0.336296
-0.337124
-0.337883
-0.338522
-0.338994
-0.339211
-0.339067
-0.338432
-0.337163
-0.335071
-0.332012
-0.327892
-0.32279
-0.317084
-0.311497
-0.307013
-0.304631
-0.304948
-0.307858
-0.312614
-0.31811
-0.32336
-0.327665
-0.330734
-0.332514
-0.333146
-0.332845
-0.331895
-0.330514
-0.328921
-0.327312
-0.325836
-0.324635
-0.323835
-0.323584
-0.323989
-0.32512
-0.32699
-0.329494
-0.332469
-0.335727
-0.33905
-0.342267
-0.345209
-0.347769
-0.349903
-0.35156
-0.352735
-0.35343
-0.353659
-0.353479
-0.352905
-0.352033
-0.35093
-0.349682
-0.34836
-0.347024
-0.345707
-0.344425
-0.343136
-0.341778
-0.340294
-0.338648
-0.336866
-0.335033
-0.333308
-0.331864
-0.330835
-0.330262
-0.3301
-0.330163
-0.330249
-0.33018
-0.329871
-0.32937
-0.328824
-0.328488
-0.328626
-0.329415
-0.330919
-0.333087
-0.335715
-0.338557
-0.341353
-0.343894
-0.346045
-0.347688
-0.348724
-0.349087
-0.348647
-0.347315
-0.344931
-0.341397
-0.336651
-0.330785
-0.324078
-0.317028
-0.310328
-0.304692
-0.300628
-0.298327
-0.297608
-0.298129
-0.299638
-0.302223
-0.306133
-0.311539
-0.318134
-0.325101
-0.331349
-0.335883
-0.338158
-0.338206
-0.336679
-0.334596
-0.333097
-0.332918
-0.334141
-0.336236
-0.338322
-0.339622
-0.339714
-0.338569
-0.336539
-0.33413
-0.331953
-0.330478
-0.329974
-0.330475
-0.331828
-0.333745
-0.335945
-0.338143
-0.340132
-0.341737
-0.342841
-0.34337
-0.343268
-0.34253
-0.341152
-0.339144
-0.336505
-0.333234
-0.329299
-0.324674
-0.319356
-0.313438
-0.307094
-0.30065
-0.294563
-0.289313
-0.285336
-0.282911
-0.282056
-0.282628
-0.284329
-0.286907
-0.290086
-0.293659
-0.297443
-0.301248
-0.304873
-0.308093
-0.310687
-0.312462
-0.313278
-0.313069
-0.311896
-0.309996
-0.307781
-0.305819
-0.304755
-0.305063
-0.306911
-0.310117
-0.314189
-0.318525
-0.322579
-0.325955
-0.32842
-0.329868
-0.330275
-0.329651
-0.32802
-0.325428
-0.321931
-0.317657
-0.31281
-0.307619
-0.302434
-0.297595
-0.2934
-0.290045
-0.287605
-0.286062
-0.285345
-0.285368
-0.286081
-0.287418
-0.289271
-0.291437
-0.293709
-0.295827
-0.297584
-0.2989
-0.299724
-0.300154
-0.300319
-0.300316
-0.300247
-0.300165
-0.300068
-0.299932
-0.299733
-0.299448
-0.299069
-0.298609
-0.29807
-0.297457
-0.296778
-0.296025
-0.295191
-0.294288
-0.293314
-0.292331
-0.291396
-0.29061
-0.290091
-0.289943
-0.290279
-0.291132
-0.29251
-0.294341
-0.296506
-0.298833
-0.301115
-0.3031
-0.304533
-0.305124
-0.304587
-0.302666
-0.299226
-0.294358
-0.288557
-0.282863
-0.278658
-0.277223
-0.279169
-0.28411
-0.290876
-0.298086
-0.304695
-0.310121
-0.314234
-0.317129
-0.319027
-0.320149
-0.320703
-0.320832
-0.320622
-0.320144
-0.319406
-0.318406
-0.317119
-0.315527
-0.313617
-0.311438
-0.309074
-0.306684
-0.304508
-0.302815
-0.301889
-0.301956
-0.303115
-0.305305
-0.308379
-0.312046
-0.316007
-0.319945
-0.323631
-0.326853
-0.329473
-0.331374
-0.332459
-0.332617
-0.331684
-0.32943
-0.325546
-0.319664
-0.311464
-0.300949
-0.288784
-0.276634
-0.266936
-0.262028
-0.262797
-0.268185
-0.276025
-0.284357
-0.292167
-0.299281
-0.305971
-0.312546
-0.319102
-0.325554
-0.331616
-0.336982
-0.3414
-0.344718
-0.346913
-0.348094
-0.348429
-0.348121
-0.347372
-0.346325
-0.345037
-0.343523
-0.341702
-0.339538
-0.336999
-0.334071
-0.330749
-0.327005
-0.322761
-0.317963
-0.312621
-0.306871
-0.300999
-0.295381
-0.290455
-0.286695
-0.284616
-0.284646
-0.286997
-0.29155
-0.297825
-0.305092
-0.312592
-0.319673
-0.325904
-0.331085
-0.335168
-0.33823
-0.340419
-0.341899
-0.342842
-0.343386
-0.343662
-0.343774
-0.343789
-0.343773
-0.343762
-0.343794
-0.343892
-0.344088
-0.344366
-0.344743
-0.345223
-0.3458
-0.346455
-0.347197
-0.347988
-0.348831
-0.349691
-0.350549
-0.351361
-0.352094
-0.352716
-0.353175
-0.353423
-0.353403
-0.353093
-0.352466
-0.351535
-0.350312
-0.348898
-0.347377
-0.345907
-0.344633
-0.343652
-0.343041
-0.34278
-0.342783
-0.342926
-0.343053
-0.343091
-0.343005
-0.342858
-0.342766
-0.342906
-0.343445
-0.344478
-0.346038
-0.348
-0.350204
-0.352451
-0.354554
-0.356371
-0.357822
-0.3589
-0.359673
-0.360254
-0.360767
-0.36134
-0.362078
-0.363071
-0.364394
-0.366082
-0.368132
-0.370498
-0.373151
-0.375978
-0.378915
-0.381854
-0.384723
-0.38746
-0.390061
-0.392513
-0.394842
-0.397075
-0.39924
-0.401333
-0.403347
-0.405233
-0.406914
-0.408259
-0.409116
-0.409312
-0.408633
-0.406944
-0.40413
-0.400213
-0.3954
-0.390046
-0.384614
-0.37952
-0.37511
-0.371574
-0.369073
-0.367733
-0.367752
-0.369269
-0.37228
-0.376546
-0.381589
-0.386754
-0.391389
-0.394873
-0.396741
-0.396721
-0.394718
-0.390844
-0.385335
-0.378619
-0.371248
-0.36387
-0.357197
-0.351876
-0.348439
-0.347215
-0.348243
-0.35137
-0.356237
-0.362345
-0.369199
-0.376279
-0.38314
-0.389402
-0.394765
-0.399055
-0.40213
-0.403976
-0.404587
-0.403996
-0.402239
-0.399321
-0.395245
-0.390013
-0.383667
-0.376369
-0.368457
-0.36054
-0.353471
-0.348191
-0.345433
-0.345387
-0.347567
-0.351022
-0.354658
-0.357593
-0.359297
-0.359568
-0.358519
-0.35646
-0.353835
-0.351125
-0.348757
-0.347116
-0.346419
-0.346724
-0.347918
-0.349809
-0.352138
-0.35464
-0.357093
-0.359324
-0.361241
-0.362793
-0.36397
-0.364802
-0.365339
-0.365638
-0.365764
-0.365741
-0.365635
-0.36546
-0.365221
-0.364919
-0.364527
-0.364029
-0.363364
-0.362505
-0.361405
-0.360016
-0.358276
-0.356155
-0.353619
-0.350681
-0.34738
-0.343843
-0.340265
-0.336921
-0.334156
-0.332305
-0.331686
-0.332423
-0.334493
-0.337702
-0.341707
-0.346156
-0.350692
-0.355035
-0.358987
-0.362435
-0.365328
-0.367632
-0.36938
-0.370642
-0.371472
-0.371969
-0.372218
-0.372325
-0.372408
-0.372518
-0.372711
-0.372962
-0.373181
-0.373226
-0.372862
-0.371888
-0.370034
-0.367167
-0.363195
-0.35818
-0.35235
-0.346157
-0.340208
-0.335285
-0.332201
-0.331667
-0.334048
-0.339231
-0.346583
-0.355114
-0.363696
-0.371354
-0.37737
-0.381318
-0.383083
-0.382716
-0.380411
-0.376469
-0.371326
-0.36549
-0.359577
-0.354284
-0.350267
-0.348058
-0.34793
-0.34984
-0.353453
-0.358213
-0.363515
-0.368796
-0.37366
-0.377825
-0.381146
-0.383588
-0.385158
-0.385873
-0.385746
-0.384779
-0.382969
-0.38027
-0.376658
-0.372117
-0.366684
-0.360438
-0.353509
-0.346164
-0.338715
-0.331509
-0.324908
-0.319275
-0.314886
-0.312007
-0.310836
-0.311459
-0.313828
-0.317712
-0.322705
-0.328308
-0.334002
-0.339371
-0.344081
-0.347966
-0.350972
-0.353126
-0.354516
-0.355231
-0.355403
-0.355126
-0.354507
-0.353633
-0.352561
-0.351355
-0.35005
-0.348672
-0.347225
-0.345712
-0.344105
-0.342369
-0.340444
-0.338288
-0.335819
-0.332948
-0.329622
-0.325837
-0.321665
-0.317288
-0.313071
-0.309485
-0.307096
-0.306345
-0.30743
-0.310229
-0.314311
-0.319097
-0.324028
-0.328634
-0.332628
-0.335872
-0.338317
-0.340005
-0.340996
-0.34139
-0.341329
-0.340921
-0.340319
-0.339625
-0.338932
-0.3383
-0.337752
-0.337249
-0.336762
-0.336223
-0.335603
-0.334886
-0.334125
-0.333389
-0.332817
-0.332571
-0.332746
-0.333348
-0.334322
-0.335456
-0.336513
-0.33725
-0.337467
-0.337103
-0.336206
-0.33494
-0.333521
-0.332255
-0.331446
-0.331298
-0.331879
-0.333048
-0.334451
-0.335596
-0.335935
-0.33508
-0.332929
-0.329792
-0.326387
-0.323591
-0.322071
-0.321966
-0.322936
-0.324431
-0.326113
-0.328002
-0.33042
-0.333694
-0.337841
-0.34252
-0.347113
-0.350994
-0.353674
-0.354905
-0.354657
-0.353085
-0.350522
-0.347402
-0.344265
-0.341613
-0.339869
-0.339175
-0.339401
-0.340193
-0.34109
-0.341681
-0.341726
-0.341206
-0.34028
-0.339213
-0.338269
-0.337628
-0.337331
-0.337318
-0.337476
-0.337683
-0.337853
-0.33794
-0.337974
-0.338014
-0.338195
-0.338674
-0.339629
-0.341159
-0.343324
-0.346041
-0.349117
-0.352305
-0.355341
-0.357964
-0.35994
-0.361063
-0.361204
-0.36028
-0.358285
-0.355345
-0.351755
-0.347966
-0.344551
-0.342056
-0.340862
-0.341096
-0.342591
-0.344996
-0.347885
-0.350855
-0.353562
-0.355754
-0.357254
-0.357923
-0.357737
-0.356833
-0.355501
-0.354219
-0.353574
-0.35415
-0.356304
-0.360088
-0.365179
-0.371037
-0.377112
-0.38293
-0.388179
-0.392735
-0.396559
-0.399705
-0.402247
-0.404254
-0.40581
-0.40697
-0.40774
-0.408103
