1.61816
1.61816
1.61816
1.61816
1.61816
1.61816
1.61816
1.61816
1.61816
1.61816
1.61816
1.61816
1.61816
1.61816
1.61815
1.61814
1.61814
1.61812
1.6181
1.61808
1.61806
1.61804
1.61802
1.618
1.61799
1.61794
1.61792
1.6179
1.61787
1.61784
1.61782
1.61781
1.61778
1.61777
1.61775
1.61773
1.6177
1.61769
1.61767
1.61766
1.61765
1.61764
1.61764
1.61763
1.61762
1.6176
1.6176
1.61759
1.61758
1.61758
1.61757
1.61756
1.61757
1.61756
1.61756
1.61755
1.61753
1.61753
1.61752
1.61751
1.6175
1.61749
1.61748
1.61747
1.61747
1.61746
1.61746
1.61745
1.61745
1.61744
1.61744
1.61743
1.61743
1.61743
1.61742
1.61743
1.61742
1.6174
1.61739
1.61739
1.61739
1.61739
1.61739
1.61739
1.61739
1.61739
1.61738
1.61738
1.61737
1.61737
1.61737
1.61736
1.61736
1.61736
1.61735
1.61735
1.61735
1.61735
1.61735
1.61735
1.69915
1.69915
1.69915
1.69914
1.69914
1.69914
1.69914
1.69912
1.69912
1.69912
1.69911
1.69912
1.69913
1.69912
1.69912
1.69912
1.69911
1.69911
1.69911
1.69912
1.69912
1.69911
1.69911
1.69911
1.6991
1.6991
1.6991
1.6991
1.6991
1.69911
1.6991
1.6991
1.6991
1.69911
1.69911
1.69911
1.6991
1.6991
1.69909
1.6991
1.6991
1.69911
1.69912
1.69912
1.69913
1.69912
1.69913
1.69913
1.69913
1.69912
1.60054
1.60053
1.60052
1.60053
1.60053
1.60052
1.60053
1.60052
1.60052
1.60052
1.60053
1.60053
1.60053
1.60053
1.60053
1.60054
1.60054
1.60054
1.60054
1.60053
1.60052
1.60053
1.60052
1.60052
1.60052
1.60052
1.60051
1.60052
1.60051
1.60051
1.6005
1.6005
1.60049
1.6005
1.60051
1.6005
1.60049
1.60048
1.60048
1.60048
1.60047
1.60048
1.60047
1.60047
1.60047
1.60047
1.60048
1.60047
1.60047
1.60048
1.52065
1.52064
1.52064
1.52065
1.52065
1.52066
1.52065
1.52066
1.52067
1.52066
1.52067
1.52067
1.52067
1.52066
1.52066
1.52065
1.52065
1.52065
1.52064
1.52065
1.52065
1.52066
1.52065
1.52066
1.52064
1.52065
1.52065
1.52065
1.52066
1.52066
1.52066
1.52066
1.52065
1.52065
1.52065
1.52064
1.52065
1.52064
1.52064
1.52065
1.52065
1.52065
1.52064
1.52065
1.52065
1.52065
1.52064
1.52065
1.52065
1.52065
1.51215
1.51214
1.51215
1.51214
1.51214
1.51214
1.51213
1.51213
1.51213
1.51213
1.51214
1.51214
1.51214
1.51214
1.51214
1.51214
1.51214
1.51213
1.51213
1.51213
1.51213
1.51213
1.51213
1.51212
1.51212
1.51212
1.51212
1.51212
1.51211
1.51211
1.5121
1.5121
1.5121
1.51209
1.5121
1.5121
1.51212
1.51211
1.51211
1.51211
1.5121
1.5121
1.51211
1.51211
1.51211
1.51211
1.51211
1.5121
1.51211
1.5121
1.46666
1.46665
1.46665
1.46665
1.46665
1.46665
1.46665
1.46665
1.46665
1.46665
1.46666
1.46666
1.46666
1.46666
1.46666
1.46666
1.46666
1.46666
1.46666
1.46666
1.46666
1.46665
1.46666
1.46666
1.46665
1.46665
1.46664
1.46664
1.46663
1.46664
1.46664
1.46663
1.46662
1.46663
1.46663
1.46664
1.46665
1.46665
1.46665
1.46665
1.46665
1.46664
1.46665
1.46664
1.46664
1.46665
1.46665
1.46666
1.46666
1.46666
1.49028
1.49027
1.49028
1.49028
1.49027
1.49029
1.49029
1.49029
1.49028
1.49028
1.49028
1.49028
1.49027
1.49027
1.49028
1.49028
1.49028
1.49028
1.49028
1.49027
1.49028
1.49027
1.49027
1.49027
1.49028
1.49028
1.49028
1.49028
1.49028
1.49028
1.49028
1.49029
1.49029
1.49029
1.49029
1.4903
1.4903
1.49029
1.4903
1.49029
1.49029
1.49028
1.49028
1.49029
1.49028
1.49027
1.49027
1.49027
1.49027
1.49027
1.52423
1.52424
1.52423
1.52424
1.52423
1.52423
1.52423
1.52421
1.52422
1.52422
1.52422
1.52421
1.52421
1.52421
1.52421
1.52421
1.52421
1.5242
1.52421
1.52421
1.52421
1.52421
1.52421
1.52421
1.52421
1.52421
1.52422
1.52422
1.52422
1.52422
1.52422
1.52422
1.52423
1.52423
1.52422
1.52422
1.52423
1.52424
1.52424
1.52424
1.52424
1.52423
1.52423
1.52423
1.52423
1.52423
1.52423
1.52423
1.52423
1.52424
1.50128
1.50127
1.50127
1.50126
1.50127
1.50127
1.50127
1.50126
1.50126
1.50126
1.50126
1.50126
1.50126
1.50125
1.50125
1.50125
1.50125
1.50125
1.50128
1.50127
1.50128
1.50126
1.50126
1.50126
1.50126
1.50125
1.50125
1.50126
1.50126
1.50125
1.50124
1.50124
1.50124
1.50124
1.50123
1.50123
1.50123
1.50123
1.50123
1.50124
1.50123
1.50123
1.50122
1.50122
1.50123
1.50123
1.50123
1.50122
1.50122
1.50122
1.51477
1.51476
1.51476
1.51476
1.51476
1.51477
1.51477
1.51477
1.51477
1.51477
1.51476
1.51476
1.51476
1.51476
1.51476
1.51476
1.51477
1.51477
1.51477
1.51477
1.51478
1.51478
1.51477
1.51477
1.51477
1.51476
1.51476
1.51476
1.51476
1.51476
1.51477
1.51477
1.51478
1.51479
1.51479
1.51479
1.51478
1.51478
1.51479
1.51478
1.51479
1.51479
1.5148
1.51479
1.51479
1.51479
1.51479
1.5148
1.5148
1.51479
1.44431
1.44431
1.4443
1.44431
1.44431
1.44431
1.4443
1.4443
1.44429
1.44429
1.44428
1.44428
1.44428
1.44427
1.44426
1.44426
1.44427
1.44426
1.44427
1.44427
1.44427
1.44427
1.44428
1.44428
1.44428
1.44427
1.44427
1.44427
1.44427
1.44427
1.44427
1.44427
1.44427
1.44428
1.44429
1.4443
1.4443
1.44431
1.4443
1.4443
1.44429
1.44429
1.4443
1.4443
1.4443
1.44431
1.44431
1.44431
1.44431
1.44431
1.4443
1.4443
1.44431
1.4443
1.4443
1.4443
1.4443
1.4443
1.4443
1.4443
1.4443
1.4443
1.44431
1.44431
1.44431
1.44432
1.44433
1.44432
1.44432
1.44432
1.44431
1.44432
1.44432
1.44431
1.44431
1.44431
1.44431
1.44432
1.44432
1.44432
1.44432
1.44431
1.44432
1.44432
1.44432
1.44433
1.44433
1.44433
1.44432
1.44433
1.44434
1.44435
1.44434
1.44436
1.44436
1.44436
1.44436
1.44437
1.44437
1.44437
1.44437
1.44437
1.44437
1.44437
1.44437
1.44438
1.44438
1.44437
1.44437
1.44437
1.44438
1.44438
1.44438
1.44437
1.44436
1.44436
1.44437
1.44437
1.44437
1.44437
1.44437
1.44438
1.44438
1.44438
1.44438
1.44438
1.44437
1.44438
1.44438
1.44437
1.44437
1.44437
1.44437
1.44437
1.44438
1.44437
1.44438
1.44438
1.44439
1.44439
1.44439
1.44439
1.44439
1.44439
1.44439
1.4444
1.4444
1.4444
1.4444
1.44441
1.44442
1.44442
1.44441
1.44442
1.44442
1.44441
1.44441
1.4444
1.4444
1.4444
1.4444
1.4444
1.4444
1.4444
1.44439
1.4444
1.4444
1.4444
1.44441
1.4444
1.4444
1.44441
1.4444
1.44441
1.4444
1.4444
1.4444
1.4444
1.4444
1.44441
1.4444
1.44441
1.4444
1.4444
1.4444
1.44441
1.44441
1.44441
1.44441
1.44441
1.4444
1.4444
1.44439
1.44439
1.44438
1.44438
1.44437
1.44437
1.44437
1.44436
1.44435
1.44435
1.44435
1.44435
1.44435
1.44436
1.44435
1.44435
1.44436
1.44437
1.44437
1.44437
1.44437
1.44437
1.44438
1.44439
1.44438
1.44439
1.44439
1.44439
1.4444
1.4444
1.4444
1.4444
1.4444
1.4444
1.44439
1.44439
1.4444
1.4444
1.4444
1.44441
1.44441
1.44441
1.4444
1.44441
1.44441
1.44441
1.44442
1.44441
1.44442
1.44443
1.44444
1.44444
1.44443
1.44443
1.44444
1.44444
1.44444
1.44444
1.44443
1.44443
1.44441
1.44441
1.44441
1.44441
1.4444
1.44439
1.44439
1.4444
1.44439
1.44439
1.44439
1.4444
1.4444
1.4444
1.44441
1.44441
1.44441
1.44441
1.44442
1.44442
1.44442
1.44442
1.44442
1.44441
1.44441
1.44441
1.44441
1.4444
1.4444
1.4444
1.4444
1.4444
1.44439
1.44439
1.4444
1.4444
1.4444
1.4444
1.4444
1.44441
1.4444
1.4444
1.4444
1.4444
1.4444
1.4444
1.44441
1.44442
1.44441
1.44442
1.44443
1.44443
1.44442
1.44443
1.44443
1.44444
1.44444
1.44443
1.44443
1.44442
1.44442
1.44442
1.44443
1.44442
1.44443
1.44442
1.44442
1.44443
1.44443
1.44443
1.44443
1.44443
1.44443
1.44442
1.44443
1.44442
1.44442
1.44442
1.44443
1.44442
1.44443
1.44443
1.44443
1.44443
1.44443
1.44443
1.44442
1.44442
1.44441
1.44441
1.44441
1.44442
1.44441
1.44441
1.44441
1.44441
1.4444
1.4444
1.4444
1.44439
1.44439
1.4444
1.44439
1.4444
1.44439
1.44439
1.44438
1.44437
1.44437
1.44437
1.44437
1.44436
1.44436
1.44436
1.44436
1.44435
1.44435
1.44435
1.44435
1.44436
1.44437
1.44437
1.44437
1.44437
1.44436
1.44436
1.44436
1.44436
1.44436
1.44436
1.44436
1.44436
1.44436
1.44436
1.44436
1.44437
1.44438
1.44437
1.44437
1.44437
1.44437
1.44437
1.44437
1.44438
1.44438
1.44438
1.44439
1.4444
1.44441
1.4444
1.44441
1.44441
1.4444
1.44441
1.44439
1.44439
1.44439
1.44438
1.44438
1.44438
1.44438
1.44439
1.4444
1.4444
1.4444
1.44441
1.4444
1.4444
1.4444
1.4444
1.44441
1.44441
1.4444
1.4444
1.4444
1.4444
1.4444
1.44441
1.44442
1.44442
1.44443
1.44442
1.44442
1.44442
1.44442
1.44441
1.44441
1.44441
1.44442
1.44442
1.44443
1.44442
1.44442
1.44443
1.44443
1.44442
1.44442
1.44442
1.44442
1.44441
1.44441
1.4444
1.44441
1.44441
1.44441
1.44441
1.44441
1.44441
1.44441
1.44441
1.44441
1.44441
1.44441
1.44441
1.44441
1.44441
1.44441
1.44441
1.44441
1.44441
1.44441
1.44441
1.44441
1.4444
1.4444
1.44439
1.44439
1.44438
1.44439
1.44438
1.44439
1.44438
1.44438
1.44438
1.44438
1.44438
1.44438
1.44438
1.44437
1.44437
1.44437
1.44437
1.44436
1.44436
1.44437
1.44437
1.44437
1.44437
1.44438
1.44438
1.44438
1.44439
1.44439
1.44441
1.4444
1.4444
1.4444
1.4444
1.4444
1.44441
1.44441
1.44441
1.44441
1.44442
1.44442
1.44442
1.44442
1.44442
1.44443
1.44442
1.44442
1.44443
1.44443
1.44444
1.44444
1.44444
1.44444
1.44444
1.44444
1.44443
1.44444
1.44444
1.44444
1.44444
1.44444
1.44444
1.44444
1.44444
1.44444
1.44444
1.44444
1.44444
1.44444
1.44444
1.44444
1.44444
1.44445
1.44445
1.44444
1.44444
1.44443
1.44444
1.44444
1.44445
1.44444
1.44445
1.44445
1.44445
1.44444
1.44445
1.44444
1.44445
1.44444
1.44445
1.44444
1.44445
1.44446
1.44446
1.44445
1.44445
1.44446
1.44446
1.44447
1.44446
1.44447
1.44446
1.44447
1.44447
1.44447
1.44448
1.44448
1.44447
1.44447
1.44446
1.44447
1.44447
1.44447
1.44447
1.44447
1.44447
1.44447
1.44447
1.44446
1.44446
1.44447
1.44447
1.44447
1.44446
1.44446
1.44445
1.44446
1.44445
1.44445
1.44445
1.44445
1.44445
1.44446
1.44445
1.44444
1.44445
1.44444
1.44445
1.44444
1.44444
1.44444
1.44445
1.44445
1.44445
1.44445
1.44445
1.44445
1.44446
1.44446
1.44446
1.44445
1.44445
1.44445
1.44445
1.44445
1.44444
1.44444
1.44444
1.44444
1.44444
1.44443
1.44443
1.44443
1.44444
1.44443
1.44443
1.44442
1.44442
1.44442
1.44442
1.44441
1.44442
1.44441
1.4444
1.4444
1.4444
1.44441
1.44441
1.44441
1.44441
1.44441
1.44441
1.4444
1.4444
1.4444
1.44439
1.44441
1.44441
1.44439
1.44439
1.44438
1.44438
1.44438
1.44438
1.44438
1.44437
1.44438
1.44438
1.44438
1.44439
1.44438
1.44438
1.44438
1.44438
1.44439
1.44439
1.44439
1.44439
1.44438
1.44438
1.44438
1.44437
1.44437
1.44436
1.44437
1.44437
1.44435
1.44435
1.44436
1.44437
1.44438
1.44437
1.44437
1.44436
1.44436
1.44435
1.44435
1.44435
1.44435
1.44434
1.44434
1.44435
1.44435
1.44434
1.44435
1.44435
1.44435
1.44435
1.44435
1.44436
1.44436
1.44435
1.44436
1.44435
1.44436
1.44435
1.44436
1.44436
1.44436
1.44435
1.44435
1.44435
1.44435
1.44434
1.44435
1.44434
1.44434
1.44433
1.44433
1.44433
1.44432
1.44432
1.44432
1.44431
1.44431
1.44431
1.4443
1.44431
1.44431
1.44431
1.4443
1.4443
1.44431
1.44431
1.44431
1.44431
1.44431
1.44432
1.44431
1.44431
1.44431
1.44431
1.44432
1.44431
1.44432
1.44431
1.44432
1.44432
1.44432
1.44431
1.44432
1.44432
1.44432
1.44432
1.44432
1.44432
1.44432
1.44433
1.44433
1.44432
1.44432
1.44431
1.44431
1.44433
1.44433
1.44432
1.44432
1.44432
1.44431
1.4443
1.44431
1.4443
1.44431
1.44431
1.44431
1.44432
1.44432
1.44432
1.44431
1.44432
1.44431
1.44431
1.44432
1.44432
1.44432
1.44431
1.44431
1.44431
1.4443
1.4443
1.44431
1.44431
1.44431
1.44431
1.44432
1.44432
1.44431
1.4443
1.44431
1.4443
1.4443
1.44431
1.44431
1.44431
1.44431
1.44431
1.44431
1.44431
1.44431
1.4443
1.44429
1.44429
1.44429
1.4443
1.44429
1.4443
1.44429
1.4443
1.4443
1.4443
1.4443
1.4443
1.4443
1.4443
1.4443
1.4443
1.44429
1.44429
1.4443
1.4443
1.44429
1.4443
1.4443
1.44431
1.4443
1.44431
1.4443
1.44431
1.44431
1.44431
1.44432
1.44431
1.44431
1.44431
1.4443
1.44431
1.44431
1.44431
1.44431
1.4443
1.4443
1.4443
1.4443
1.4443
1.44429
1.44429
1.44428
1.44428
1.44428
1.44429
1.44428
1.44429
1.44428
1.44428
1.44427
1.44427
1.44428
1.44428
1.44428
1.44429
1.44429
1.44429
1.44428
1.44427
1.44428
1.44428
1.44428
1.44426
1.44426
1.44426
1.44426
1.44426
1.44425
1.44425
1.44426
1.44426
1.44426
1.44427
1.44427
1.44427
1.44427
1.44426
1.44424
1.44424
1.44424
1.44425
1.44425
1.44425
1.44426
1.44426
1.44427
1.44426
1.44426
1.44426
1.44427
1.44427
1.44427
1.44427
1.44427
1.44427
1.44427
1.44428
1.44428
1.44427
1.44428
1.44428
1.44428
1.44428
1.44428
1.44428
1.44428
1.44428
1.44428
1.44427
1.44427
1.44428
1.44427
1.44427
1.44426
1.44426
1.44426
1.44427
1.44427
1.44427
1.44426
1.44427
1.44427
1.44427
1.44428
1.44428
1.44428
1.44428
1.44427
1.44428
1.44429
1.44429
1.4443
1.4443
1.4443
1.4443
1.44429
1.44429
1.44429
1.44429
1.44429
1.44429
1.44429
1.44428
1.44429
1.4443
1.44428
1.44427
1.44427
1.44427
1.44427
1.44427
1.44427
1.44426
1.44427
1.44426
1.44426
1.44426
1.44426
1.44425
1.44425
1.44425
1.44425
1.44425
1.44425
1.44426
1.44427
1.44427
1.44427
1.44427
